1|-1|0|1|1|0|-1|-1|0#0.0|0.0|0.0|0.0|0.0|0.0|0.0|0.0|0.377541221188
0|-1|1|1|-1|-1|0|1|0#0.0|0.0|0.0|0.0|0.0|0.0|0.0|0.0|0.377541221188
0|1|-1|-1|-1|1|1|-1|1#0.377541221188|0.0|0.0|0.0|0.0|0.0|0.0|0.0|0.0
0|0|0|1|-1|1|1|-1|-1#0.377541221188|0.0|0.0|0.0|0.0|0.0|0.0|0.0|0.0
1|0|-1|-1|0|-1|1|0|1#0.0|0.0|0.0|0.0|0.0|0.0|0.0|0.377541221188|0.0
0|1|-1|-1|0|0|1|0|0#0.0|0.0|0.0|0.0|0.0|0.0|0.0|0.0|0.379232106514
1|-1|1|-1|0|-1|1|-1|1#0.0|0.0|0.0|0.0|0.377541221188|0.0|0.0|0.0|0.0
1|-1|1|1|1|-1|-1|0|-1#0.0|0.0|0.0|0.0|0.0|0.0|0.0|0.377541221188|0.0
-1|-1|0|1|0|0|1|1|-1#0.0|0.0|0.400544719601|0.0|0.0|0.0|0.0|0.0|0.0
-1|-1|0|0|1|0|1|0|0#0.0|0.0|0.0|0.378819643027|0.0|0.0|0.0|0.0|0.0
1|1|-1|-1|0|-1|0|0|1#0.0|0.0|0.0|0.0|0.0|0.0|0.372076595715|0.0|0.0
-1|1|-1|1|1|0|1|-1|-1#0.0|0.0|0.0|0.0|0.0|0.377541221188|0.0|0.0|0.0
1|-1|0|1|1|-1|0|0|-1#0.0|0.0|0.0|0.0|0.0|0.0|0.0|0.379238861029|0.0
1|1|0|-1|0|-1|0|-1|1#0.0|0.0|0.0|0.0|0.377541221188|0.0|0.0|0.0|0.0
1|-1|1|-1|-1|1|-1|1|0#0.0|0.0|0.0|0.0|0.0|0.0|0.0|0.0|0.377541221188
1|-1|0|-1|1|1|-1|1|-1#0.0|0.0|0.377541221188|0.0|0.0|0.0|0.0|0.0|0.0
-1|-1|0|1|-1|1|0|1|0#0.0|0.0|0.0|0.0|0.0|0.0|0.402321866893|0.0|0.0
1|1|-1|0|0|-1|-1|0|1#0.0|0.0|0.0|0.0|0.377541221188|0.0|0.0|0.0|0.0
1|-1|-1|-1|1|1|0|1|-1#0.0|0.0|0.0|0.0|0.0|0.0|0.377541221188|0.0|0.0
1|0|1|1|0|-1|0|-1|-1#0.0|0.377541221188|0.0|0.0|0.0|0.0|0.0|0.0|0.0
-1|0|0|1|1|0|-1|-1|1#0.0|0.0|0.377541221188|0.0|0.0|0.0|0.0|0.0|0.0
-1|0|1|1|1|-1|-1|1|-1#0.0|0.377541221188|0.0|0.0|0.0|0.0|0.0|0.0|0.0
1|-1|0|-1|1|0|1|0|-1#0.0|0.0|0.0|0.0|0.0|0.377541221188|0.0|0.0|0.0
1|1|0|0|0|-1|-1|-1|1#0.0|0.0|0.0|0.0|0.377541221188|0.0|0.0|0.0|0.0
-1|0|0|1|-1|1|0|-1|1#0.0|0.0|0.377541221188|0.0|0.0|0.0|0.0|0.0|0.0
0|0|1|1|1|-1|0|-1|-1#0.371759506984|0.0|0.0|0.0|0.0|0.0|0.0|0.0|0.0
-1|0|0|0|1|0|1|0|-1#0.0|0.0|0.377541221188|0.0|0.0|0.0|0.0|0.377541217443|0.0
-1|-1|0|1|1|0|1|0|-1#0.0|0.0|0.377541221188|0.0|0.0|0.0|0.0|0.0|0.0
1|-1|-1|1|-1|1|0|0|0#0.0|0.0|0.0|0.0|0.0|0.0|0.0|0.0|0.402321866893
1|0|1|0|-1|-1|1|0|-1#0.0|0.0|0.0|0.377541221188|0.0|0.0|0.0|0.0|0.0
0|1|-1|-1|1|-1|1|-1|1#0.377541221188|0.0|0.0|0.0|0.0|0.0|0.0|0.0|0.0
0|1|1|1|0|-1|-1|0|-1#0.377541221188|0.0|0.0|0.0|0.0|0.0|0.0|0.0|0.0
1|0|1|-1|1|-1|-1|0|0#0.0|0.0|0.0|0.0|0.0|0.0|0.0|0.0|0.377541221188
0|0|1|1|-1|-1|1|-1|0#0.0|0.0|0.0|0.0|0.0|0.0|0.0|0.0|0.410139172819
1|-1|0|1|0|-1|0|0|0#0.0|0.0|0.0|0.0|0.377541221177|0.0|0.0|0.0|0.0
0|0|1|1|0|-1|0|0|-1#0.0|0.3775464631|0.0|0.0|0.0|0.0|0.0|0.0|0.0
-1|1|1|-1|0|1|1|-1|-1#0.0|0.0|0.0|0.0|0.377541221188|0.0|0.0|0.0|0.0
0|0|1|-1|-1|1|1|-1|0#0.407984307213|0.0|0.0|0.0|0.0|0.0|0.0|0.0|0.0
-1|0|0|1|0|0|0|1|-1#0.0|0.0|0.372005966132|0.0|0.0|0.0|0.0|0.0|0.0
1|0|0|-1|0|-1|-1|1|1#0.0|0.0|0.370037922903|0.0|0.0|0.0|0.0|0.0|0.0
-1|0|-1|1|-1|1|0|1|0#0.0|0.402321866893|0.0|0.0|0.0|0.0|0.0|0.0|0.0
0|-1|-1|1|1|-1|1|0|0#0.377541221188|0.0|0.0|0.0|0.0|0.0|0.0|0.0|0.0
1|-1|-1|0|1|1|1|-1|-1#0.0|0.0|0.0|0.377541221188|0.0|0.0|0.0|0.0|0.0
1|-1|0|0|1|-1|1|0|-1#0.0|0.0|0.0|0.0|0.0|0.0|0.0|0.372075288829|0.0
-1|1|0|1|1|0|-1|0|-1#0.0|0.0|0.0|0.0|0.0|0.0|0.0|0.377541221188|0.0
1|-1|-1|1|0|0|0|0|0#0.0|0.0|0.0|0.0|0.0|0.0|0.377541221188|0.0|0.0
0|0|0|-1|1|-1|1|0|0#0.0|0.0|0.0|0.0|0.0|0.0|0.0|0.377138530603|0.0
1|-1|0|-1|-1|1|1|1|-1#0.0|0.0|0.377541221188|0.0|0.0|0.0|0.0|0.0|0.0
1|-1|0|-1|0|1|1|0|-1#0.0|0.0|0.0|0.0|0.0|0.0|0.0|0.377541221188|0.0
1|0|-1|-1|-1|1|1|0|0#0.0|0.377541221188|0.0|0.0|0.0|0.0|0.0|0.0|0.0
0|1|-1|1|1|-1|-1|-1|1#0.377541221188|0.0|0.0|0.0|0.0|0.0|0.0|0.0|0.0
0|0|0|-1|-1|1|1|0|0#0.403048982831|0.0|0.0|0.0|0.0|0.0|0.0|0.0|0.0
-1|-1|1|1|0|-1|1|1|-1#0.0|0.0|0.0|0.0|0.377541221188|0.0|0.0|0.0|0.0
1|-1|1|-1|1|-1|0|0|0#0.0|0.0|0.0|0.0|0.0|0.0|0.0|0.0|0.377541221188
0|1|1|-1|0|-1|1|-1|0#0.0|0.0|0.0|0.0|0.0|0.0|0.0|0.0|0.377540311531
0|-1|0|1|-1|1|1|0|-1#0.0|0.0|0.402321866893|0.0|0.0|0.0|0.0|0.0|0.0
1|0|0|0|-1|-1|-1|1|1#0.0|0.402321866893|0.0|0.0|0.0|0.0|0.0|0.0|0.0
1|-1|0|1|-1|-1|-1|1|1#0.0|0.0|0.377541221188|0.0|0.0|0.0|0.0|0.0|0.0
1|-1|-1|-1|-1|1|1|0|1#0.0|0.0|0.0|0.0|0.0|0.0|0.0|0.377541221188|0.0
1|0|-1|-1|1|0|0|0|0#0.0|0.0|0.0|0.0|0.0|0.377541221188|0.0|0.0|0.0
1|-1|-1|1|1|0|0|-1|0#0.0|0.0|0.0|0.0|0.0|0.377541221188|0.0|0.0|0.0
-1|0|1|0|0|0|1|-1|0#0.0|0.0|0.0|0.0|0.0|0.377517730439|0.0|0.0|0.0
1|1|-1|0|-1|1|1|-1|-1#0.0|0.0|0.0|0.377541221188|0.0|0.0|0.0|0.0|0.0
1|0|-1|0|0|0|0|0|0#0.0|0.0|0.0|0.0|0.0|0.0|0.377541217388|0.0|0.0
1|1|-1|-1|0|-1|1|-1|1#0.0|0.0|0.0|0.0|0.377541221188|0.0|0.0|0.0|0.0
1|1|0|-1|1|-1|0|0|-1#0.0|0.0|0.377541221188|0.0|0.0|0.0|0.0|0.0|0.0
-1|0|0|1|-1|0|0|0|1#0.0|0.0|0.0|0.0|0.0|0.370358156655|0.0|0.0|0.0
1|-1|1|-1|-1|1|1|0|-1#0.0|0.0|0.0|0.0|0.0|0.0|0.0|0.377541221188|0.0
0|-1|1|-1|-1|0|1|0|1#0.402321866893|0.0|0.0|0.0|0.0|0.0|0.0|0.0|0.0
1|-1|-1|-1|1|-1|1|1|0#0.0|0.0|0.0|0.0|0.0|0.0|0.0|0.0|0.377541221188
-1|0|0|-1|1|-1|1|0|1#0.0|0.0|0.0|0.0|0.0|0.0|0.0|0.377541221188|0.0
0|1|-1|1|1|0|-1|0|-1#0.402321866893|0.0|0.0|0.0|0.0|0.0|0.0|0.0|0.0
1|0|0|1|0|0|-1|-1|0#0.0|0.378818646861|0.0|0.0|0.0|0.0|0.0|0.0|0.0
1|0|0|0|0|-1|1|0|-1#0.0|0.0|0.377541221188|0.0|0.0|0.0|0.0|0.0|0.0
1|0|1|1|-1|-1|0|0|-1#0.0|0.0|0.0|0.0|0.0|0.0|0.377541221188|0.0|0.0
1|1|0|0|-1|0|1|-1|-1#0.0|0.0|0.0|0.0|0.0|0.377541221188|0.0|0.0|0.0
1|1|-1|1|1|-1|-1|-1|0#0.0|0.0|0.0|0.0|0.0|0.0|0.0|0.0|0.377541221188
1|0|1|-1|-1|0|-1|1|0#0.0|0.377541221188|0.0|0.0|0.0|0.0|0.0|0.0|0.0
-1|-1|0|1|-1|0|1|1|0#0.0|0.0|0.410010789551|0.0|0.0|0.0|0.0|0.0|0.0
1|0|1|0|0|-1|1|-1|-1#0.0|0.0|0.0|0.0|0.377541221188|0.0|0.0|0.0|0.0
0|1|-1|-1|1|1|1|-1|-1#0.377541221188|0.0|0.0|0.0|0.0|0.0|0.0|0.0|0.0
0|0|0|1|-1|1|0|0|-1#0.0|0.0|0.0|0.0|0.0|0.0|0.410504850139|0.0|0.0
-1|0|1|0|-1|0|1|0|0#0.0|0.0|0.0|0.0|0.0|0.0|0.0|0.377546446877|0.0
-1|1|-1|-1|0|1|1|1|-1#0.0|0.0|0.0|0.0|0.377541221188|0.0|0.0|0.0|0.0
1|-1|-1|1|0|1|-1|0|0#0.0|0.0|0.0|0.0|0.0|0.0|0.0|0.379335852691|0.0
-1|1|1|1|0|-1|1|-1|-1#0.0|0.0|0.0|0.0|0.377541221188|0.0|0.0|0.0|0.0
0|1|-1|0|0|0|1|-1|0#0.0|0.0|0.0|0.0|0.377541221188|0.0|0.0|0.0|0.0
0|-1|-1|1|1|0|1|0|-1#0.0|0.0|0.0|0.0|0.0|0.0|0.0|0.402321866893|0.0
0|0|0|-1|0|1|1|0|-1#0.0|0.0|0.37925483519|0.0|0.0|0.0|0.0|0.0|0.0
-1|1|-1|0|0|1|1|-1|0#0.0|0.0|0.0|0.0|0.377541221188|0.0|0.0|0.0|0.0
1|0|-1|0|1|0|-1|0|0#0.0|0.0|0.0|0.0|0.0|0.0|0.0|0.0|0.377541221188
1|0|-1|0|0|0|1|-1|0#0.0|0.0|0.0|0.0|0.0|0.377541221188|0.0|0.0|0.0
-1|0|1|1|-1|-1|-1|1|1#0.0|0.377541221188|0.0|0.0|0.0|0.0|0.0|0.0|0.0
1|0|0|-1|1|0|0|-1|0#0.0|0.0|0.0|0.0|0.0|0.0|0.0|0.0|0.377541221188
0|-1|-1|-1|0|1|1|1|0#0.0|0.0|0.0|0.0|0.371659103335|0.0|0.0|0.0|0.0
1|0|0|0|0|-1|-1|0|1#0.0|0.0|0.0|0.0|0.0|0.0|0.0|0.401162751375|0.0
1|0|-1|-1|1|0|1|0|-1#0.0|0.0|0.0|0.0|0.0|0.0|0.0|0.409721826526|0.0
1|0|-1|-1|0|1|1|-1|0#0.0|0.0|0.0|0.0|0.377541221188|0.0|0.0|0.0|0.0
1|0|-1|0|-1|-1|1|1|0#0.0|0.0|0.0|0.377541221188|0.0|0.0|0.0|0.0|0.0
1|-1|1|0|-1|0|0|0|0#0.0|0.0|0.0|0.0|0.0|0.0|0.377239781973|0.0|0.0
0|0|1|-1|-1|0|1|-1|1#0.402321866893|0.0|0.0|0.0|0.0|0.0|0.0|0.0|0.0
1|-1|0|-1|0|-1|1|0|1#0.0|0.0|0.0|0.0|0.0|0.0|0.0|0.377541221188|0.0
-1|0|-1|1|0|0|0|1|0#0.0|0.0|0.0|0.0|0.0|0.0|0.0|0.0|0.378917071158
-1|1|-1|-1|1|1|1|0|-1#0.0|0.0|0.0|0.0|0.0|0.0|0.0|0.377541221188|0.0
-1|-1|1|1|1|-1|0|1|-1#0.0|0.0|0.0|0.0|0.0|0.0|0.377541221188|0.0|0.0
0|-1|0|0|1|0|1|0|-1#0.0|0.0|0.0|0.0|0.0|0.377541221188|0.0|0.0|0.0
-1|-1|0|1|1|-1|1|1|-1#0.0|0.0|0.377541221188|0.0|0.0|0.0|0.0|0.0|0.0
-1|-1|0|1|-1|1|0|0|1#0.0|0.0|0.0|0.0|0.0|0.0|0.0|0.371729836487|0.0
0|1|-1|-1|-1|1|1|0|0#0.377541221188|0.0|0.0|0.0|0.0|0.0|0.0|0.0|0.0
0|-1|0|1|0|1|0|0|-1#0.401140726672|0.0|0.0|0.0|0.0|0.0|0.0|0.0|0.0
-1|-1|0|0|1|0|1|1|-1#0.0|0.0|0.377541221188|0.0|0.0|0.0|0.0|0.0|0.0
-1|-1|1|1|0|-1|0|1|0#0.0|0.0|0.0|0.0|0.0|0.0|0.0|0.0|0.377541221188
1|-1|1|1|1|-1|-1|-1|0#0.0|0.0|0.0|0.0|0.0|0.0|0.0|0.0|0.377541221188
-1|1|1|1|0|-1|-1|0|0#0.0|0.0|0.0|0.0|0.377541221188|0.0|0.0|0.0|0.0
1|-1|1|-1|1|1|-1|0|-1#0.0|0.0|0.0|0.0|0.0|0.0|0.0|0.377541221188|0.0
1|-1|0|-1|1|1|1|-1|-1#0.0|0.0|0.377541221188|0.0|0.0|0.0|0.0|0.0|0.0
1|0|-1|1|0|1|0|-1|-1#0.0|0.0|0.0|0.0|0.0|0.0|0.377541221188|0.0|0.0
0|0|1|-1|0|1|1|-1|-1#0.0|0.377541221188|0.0|0.0|0.0|0.0|0.0|0.0|0.0
-1|0|-1|1|0|-1|0|1|1#0.0|0.0|0.0|0.0|0.0|0.0|0.377541221188|0.0|0.0
1|-1|-1|1|1|0|-1|1|-1#0.0|0.0|0.0|0.0|0.0|0.377541221188|0.0|0.0|0.0
0|0|-1|1|1|0|-1|-1|1#0.377541221188|0.0|0.0|0.0|0.0|0.0|0.0|0.0|0.0
1|0|0|-1|-1|1|1|0|-1#0.0|0.377541221188|0.0|0.0|0.0|0.0|0.0|0.0|0.0
1|-1|-1|-1|0|1|1|0|0#0.0|0.0|0.0|0.0|0.0|0.0|0.0|0.377541221188|0.0
0|0|0|1|-1|0|-1|0|1#0.400715677914|0.0|0.0|0.0|0.0|0.0|0.0|0.0|0.0
1|-1|0|0|0|1|1|-1|-1#0.0|0.0|0.41001207423|0.0|0.0|0.0|0.0|0.0|0.0
1|0|0|0|1|-1|1|-1|-1#0.0|0.378809088046|0.0|0.0|0.0|0.0|0.0|0.0|0.0
1|-1|1|-1|1|1|-1|-1|0#0.0|0.0|0.0|0.0|0.0|0.0|0.0|0.0|0.377541221188
-1|-1|1|1|1|0|-1|-1|1#0.0|0.0|0.0|0.0|0.0|0.377541221188|0.0|0.0|0.0
-1|0|0|1|0|-1|-1|1|1#0.0|0.0|0.377541221188|0.0|0.0|0.0|0.0|0.0|0.0
1|0|-1|-1|1|0|1|-1|0#0.0|0.0|0.0|0.0|0.0|0.377541221188|0.0|0.0|0.0
1|-1|0|-1|-1|1|1|0|0#0.0|0.0|0.0|0.0|0.0|0.0|0.0|0.0|0.402321867168
0|0|1|1|-1|-1|0|0|0#0.0|0.0|0.0|0.0|0.0|0.0|0.0|0.369845170096|0.0
1|-1|0|0|1|0|0|-1|0#0.0|0.0|0.0|0.0|0.0|0.0|0.0|0.0|0.377541221188
0|1|-1|-1|0|1|1|0|-1#0.0|0.0|0.0|0.0|0.0|0.0|0.0|0.377541221188|0.0
0|1|-1|0|-1|1|1|-1|0#0.0|0.0|0.0|0.377541221188|0.0|0.0|0.0|0.0|0.0
1|-1|0|1|0|1|-1|-1|0#0.0|0.0|0.0|0.0|0.377541221188|0.0|0.0|0.0|0.0
1|-1|1|0|-1|0|1|0|-1#0.0|0.0|0.0|0.0|0.0|0.0|0.0|0.377541221188|0.0
1|0|1|0|-1|-1|0|0|0#0.0|0.0|0.0|0.377138599893|0.0|0.0|0.0|0.0|0.0
1|0|0|0|1|0|-1|-1|0#0.0|0.0|0.0|0.377518981037|0.0|0.0|0.0|0.0|0.0
1|-1|-1|-1|-1|1|1|1|0#0.0|0.0|0.0|0.0|0.0|0.0|0.0|0.0|0.377541221188
1|1|0|0|-1|-1|0|-1|1#0.0|0.0|0.0|0.0|0.0|0.0|0.377617893411|0.0|0.0
0|0|-1|0|1|0|1|0|-1#0.0|0.0|0.0|0.0|0.0|0.0|0.0|0.370255839128|0.0
1|0|1|0|-1|0|0|0|-1#0.0|0.0|0.0|0.401269200231|0.0|0.0|0.0|0.0|0.0
-1|1|-1|-1|1|-1|1|0|1#0.0|0.0|0.0|0.0|0.0|0.0|0.0|0.377541221188|0.0
1|-1|1|0|-1|0|-1|1|0#0.0|0.0|0.0|0.0|0.0|0.377541221188|0.0|0.0|0.0
1|-1|-1|1|0|1|0|-1|0#0.0|0.0|0.0|0.0|0.377541221188|0.0|0.0|0.0|0.0
-1|1|-1|-1|1|0|1|-1|1#0.0|0.0|0.0|0.0|0.0|0.377541221188|0.0|0.0|0.0
-1|-1|0|1|0|0|1|0|0#0.0|0.0|0.0|0.0|0.370254586465|0.0|0.0|0.0|0.0
1|-1|0|0|0|0|1|0|-1#0.0|0.0|0.0|0.0|0.0|0.377518984861|0.0|0.0|0.0
1|0|-1|-1|-1|1|1|1|-1#0.0|0.377541221188|0.0|0.0|0.0|0.0|0.0|0.0|0.0
0|0|-1|-1|1|0|1|-1|1#0.377541221188|0.0|0.0|0.0|0.0|0.0|0.0|0.0|0.0
1|0|1|-1|1|0|-1|-1|0#0.0|0.377541221188|0.0|0.0|0.0|0.0|0.0|0.0|0.0
0|-1|0|1|0|0|0|0|0#0.0|0.0|0.0|0.0|0.0|0.0|0.40148325755|0.0|0.0
1|-1|-1|0|-1|0|1|1|0#0.0|0.0|0.0|0.377541221188|0.0|0.0|0.0|0.0|0.0
1|-1|-1|1|1|0|-1|0|0#0.0|0.0|0.0|0.0|0.0|0.377541221188|0.0|0.0|0.0
1|1|0|0|0|0|0|-1|-1#0.0|0.0|0.0|0.0|0.0|0.0|0.401164117723|0.0|0.0
-1|0|0|1|0|0|-1|1|0#0.0|0.0|0.0|0.0|0.377541221188|0.0|0.0|0.0|0.0
1|-1|1|1|0|-1|-1|-1|1#0.0|0.0|0.0|0.0|0.377541221188|0.0|0.0|0.0|0.0
1|-1|-1|0|1|0|1|0|-1#0.0|0.0|0.0|0.0|0.0|0.377541221188|0.0|0.0|0.0
1|0|0|-1|-1|0|1|-1|1#0.0|0.0|0.0|0.0|0.0|0.402767540524|0.0|0.0|0.0
-1|1|-1|1|0|-1|0|1|0#0.0|0.0|0.0|0.0|0.0|0.0|0.407983010241|0.0|0.0
1|0|0|-1|1|1|-1|0|-1#0.0|0.0|0.0|0.0|0.0|0.0|0.0|0.377541221188|0.0
0|-1|-1|1|-1|1|1|1|-1#0.377541221188|0.0|0.0|0.0|0.0|0.0|0.0|0.0|0.0
1|0|-1|1|-1|1|0|-1|0#0.0|0.0|0.0|0.0|0.0|0.0|0.377541221188|0.0|0.0
1|0|0|1|-1|-1|0|-1|1#0.0|0.377541221188|0.0|0.0|0.0|0.0|0.0|0.0|0.0
0|-1|0|1|0|-1|1|1|-1#0.0|0.0|0.0|0.0|0.407885947168|0.0|0.0|0.0|0.0
-1|0|0|1|0|0|0|0|0#0.0|0.0|0.0|0.0|0.0|0.0|0.0|0.40298163048|0.0
1|0|0|0|-1|0|1|0|-1#0.0|0.0|0.377541220981|0.0|0.0|0.0|0.0|0.0|0.0
1|1|-1|0|0|-1|0|0|0#0.0|0.0|0.0|0.0|0.0|0.0|0.0|0.0|0.377546667739
0|0|-1|1|-1|1|0|-1|1#0.0|0.402748188194|0.0|0.0|0.0|0.0|0.0|0.0|0.0
1|0|1|0|-1|0|0|-1|0#0.0|0.0|0.0|0.403048986377|0.0|0.0|0.0|0.0|0.0
1|-1|-1|1|-1|-1|0|1|1#0.0|0.0|0.0|0.0|0.0|0.0|0.377541221188|0.0|0.0
-1|-1|0|0|1|0|1|-1|1#0.0|0.0|0.377541221188|0.0|0.0|0.0|0.0|0.0|0.0
0|0|-1|-1|1|-1|1|0|1#0.377541221188|0.0|0.0|0.0|0.0|0.0|0.0|0.0|0.0
1|-1|-1|1|0|0|-1|1|0#0.0|0.0|0.0|0.0|0.0|0.0|0.0|0.0|0.402342083835
1|0|-1|-1|1|1|0|-1|0#0.0|0.0|0.0|0.0|0.0|0.0|0.0|0.0|0.377541221188
0|1|-1|1|0|-1|-1|1|0#0.0|0.0|0.0|0.0|0.0|0.0|0.0|0.0|0.372075288882
0|-1|-1|1|0|-1|1|1|0#0.0|0.0|0.0|0.0|0.402321866893|0.0|0.0|0.0|0.0
1|1|0|0|-1|0|0|0|-1#0.0|0.0|0.0|0.0|0.0|0.0|0.377541222071|0.0|0.0
1|1|0|-1|1|0|0|-1|-1#0.0|0.0|0.0|0.0|0.0|0.0|0.377541221188|0.0|0.0
1|0|1|-1|0|-1|1|0|-1#0.0|0.377541221188|0.0|0.0|0.0|0.0|0.0|0.0|0.0
-1|0|0|0|1|0|1|-1|0#0.0|0.0|0.0|0.0|0.0|0.0|0.0|0.0|0.377541221188
0|0|0|-1|0|0|1|0|0#0.0|0.0|0.0|0.0|0.377541221188|0.403414256848|0.0|0.0|0.0
1|1|0|1|-1|-1|0|-1|0#0.0|0.0|0.377541221188|0.0|0.0|0.0|0.0|0.0|0.0
0|0|0|1|1|-1|-1|-1|1#0.0|0.377541221188|0.0|0.0|0.0|0.0|0.0|0.0|0.0
1|0|-1|1|0|0|0|-1|0#0.0|0.0|0.0|0.0|0.0|0.377635856709|0.0|0.0|0.0
0|-1|0|1|-1|0|1|1|-1#0.0|0.0|0.0|0.0|0.0|0.402321866893|0.0|0.0|0.0
0|-1|1|1|1|-1|-1|1|-1#0.377541221188|0.0|0.0|0.0|0.0|0.0|0.0|0.0|0.0
1|1|-1|-1|1|0|0|0|-1#0.0|0.0|0.0|0.0|0.0|0.0|0.0|0.377541221188|0.0
0|1|1|1|0|-1|-1|-1|0#0.0|0.0|0.0|0.0|0.0|0.0|0.0|0.0|0.377541221188
1|1|0|0|-1|-1|-1|0|1#0.0|0.0|0.0|0.0|0.0|0.0|0.0|0.402321866893|0.0
0|0|-1|1|0|-1|0|1|0#0.0|0.402617324089|0.0|0.0|0.0|0.0|0.0|0.0|0.0
-1|0|-1|1|0|0|-1|1|1#0.0|0.0|0.0|0.0|0.0|0.402321866893|0.0|0.0|0.0
1|1|0|-1|-1|1|1|-1|-1#0.0|0.0|0.377541221188|0.0|0.0|0.0|0.0|0.0|0.0
1|-1|1|1|0|-1|-1|1|-1#0.0|0.0|0.0|0.0|0.377541221188|0.0|0.0|0.0|0.0
0|0|-1|-1|1|0|1|1|-1#0.0|0.0|0.0|0.0|0.0|0.377541221188|0.0|0.0|0.0
0|0|0|-1|0|1|1|-1|0#0.0|0.0|0.408758999776|0.0|0.0|0.0|0.0|0.0|0.0
1|-1|0|1|-1|0|0|1|-1#0.0|0.0|0.0|0.0|0.0|0.377541221188|0.0|0.0|0.0
1|-1|-1|0|0|1|1|0|-1#0.0|0.0|0.0|0.377541221188|0.0|0.0|0.0|0.0|0.0
0|0|1|1|0|-1|0|-1|0#0.0|0.0|0.0|0.0|0.377612123804|0.0|0.0|0.0|0.0
1|-1|0|1|-1|0|-1|0|1#0.0|0.0|0.402239101143|0.0|0.0|0.0|0.0|0.0|0.0
1|1|0|-1|1|0|-1|0|-1#0.0|0.0|0.0|0.0|0.0|0.0|0.0|0.377541221188|0.0
-1|0|1|0|0|1|1|-1|-1#0.0|0.0|0.0|0.377147301409|0.0|0.0|0.0|0.0|0.0
-1|1|1|1|1|-1|-1|-1|0#0.0|0.0|0.0|0.0|0.0|0.0|0.0|0.0|0.377541221188
-1|0|0|-1|-1|1|1|0|1#0.0|0.0|0.0|0.0|0.0|0.0|0.0|0.377541221188|0.0
-1|0|1|-1|0|1|1|0|-1#0.0|0.0|0.0|0.0|0.0|0.0|0.0|0.408372333257|0.0
1|0|1|1|-1|-1|-1|0|0#0.0|0.377541221188|0.0|0.0|0.0|0.0|0.0|0.0|0.0
1|-1|-1|0|0|0|1|0|0#0.0|0.0|0.0|0.377541221188|0.0|0.0|0.0|0.0|0.0
-1|0|0|-1|0|1|1|0|0#0.0|0.0|0.0|0.0|0.0|0.0|0.0|0.0|0.377541221188
0|1|-1|1|-1|1|1|-1|-1#0.377541221188|0.0|0.0|0.0|0.0|0.0|0.0|0.0|0.0
-1|0|0|-1|1|-1|1|1|0#0.0|0.0|0.0|0.0|0.0|0.0|0.0|0.0|0.377541221188
-1|0|1|0|-1|-1|1|1|0#0.0|0.0|0.0|0.0|0.0|0.0|0.0|0.0|0.377541221188
1|0|-1|1|-1|-1|0|0|1#0.0|0.0|0.0|0.0|0.0|0.0|0.0|0.410035516864|0.0
-1|-1|1|1|0|-1|1|0|0#0.0|0.0|0.0|0.0|0.0|0.0|0.0|0.377541221188|0.0
1|-1|1|0|-1|-1|1|1|-1#0.0|0.0|0.0|0.377541221188|0.0|0.0|0.0|0.0|0.0
0|0|1|0|0|-1|1|-1|0#0.408640123856|0.0|0.0|0.0|0.0|0.0|0.0|0.0|0.0
1|0|0|0|1|-1|-1|0|0#0.0|0.0|0.377541221188|0.0|0.0|0.0|0.0|0.0|0.0
0|1|-1|-1|-1|1|1|1|-1#0.377541221188|0.0|0.0|0.0|0.0|0.0|0.0|0.0|0.0
-1|-1|1|1|-1|-1|0|1|1#0.0|0.0|0.0|0.0|0.0|0.0|0.377541221188|0.0|0.0
0|0|0|0|0|0|1|0|-1#0.0|0.0|0.0|0.0|0.377541513972|0.0|0.0|0.0|0.0
-1|0|0|0|1|-1|1|1|-1#0.0|0.0|0.0|0.407988479435|0.0|0.0|0.0|0.0|0.0
-1|0|-1|0|1|0|1|1|-1#0.0|0.377541221188|0.0|0.0|0.0|0.0|0.0|0.0|0.0
-1|-1|0|-1|1|1|1|-1|1#0.0|0.0|0.377541221188|0.0|0.0|0.0|0.0|0.0|0.0
1|0|1|1|-1|-1|-1|-1|1#0.0|0.377541221188|0.0|0.0|0.0|0.0|0.0|0.0|0.0
1|1|-1|0|-1|0|1|0|-1#0.0|0.0|0.0|0.0|0.0|0.0|0.0|0.369941317217|0.0
1|0|0|-1|1|0|0|0|-1#0.0|0.377541221188|0.0|0.0|0.0|0.0|0.0|0.0|0.0
0|-1|-1|-1|1|0|1|1|0#0.0|0.0|0.0|0.0|0.0|0.0|0.0|0.0|0.377541221188
0|1|1|1|0|-1|0|-1|-1#0.377541221188|0.0|0.0|0.0|0.0|0.0|0.0|0.0|0.0
1|0|-1|-1|1|1|-1|1|-1#0.0|0.377541221188|0.0|0.0|0.0|0.0|0.0|0.0|0.0
1|-1|0|1|0|-1|-1|0|1#0.0|0.0|0.0|0.0|0.0|0.0|0.0|0.377541221188|0.0
0|0|0|1|-1|-1|0|0|1#0.40126358521|0.0|0.0|0.0|0.0|0.0|0.0|0.0|0.0
-1|-1|0|1|0|1|1|0|-1#0.0|0.0|0.37712114719|0.0|0.0|0.0|0.0|0.0|0.0
1|0|1|0|1|-1|-1|-1|0#0.0|0.377541221188|0.0|0.0|0.0|0.0|0.0|0.0|0.0
1|-1|1|-1|0|-1|-1|1|1#0.0|0.0|0.0|0.0|0.377541221188|0.0|0.0|0.0|0.0
-1|0|1|-1|-1|0|1|0|1#0.0|0.0|0.0|0.0|0.0|0.0|0.0|0.377541221188|0.0
-1|1|-1|-1|1|1|1|-1|0#0.0|0.0|0.0|0.0|0.0|0.0|0.0|0.0|0.377541221188
1|1|-1|0|0|-1|0|-1|1#0.0|0.0|0.0|0.377541221188|0.0|0.0|0.0|0.0|0.0
1|-1|0|1|1|-1|-1|1|-1#0.0|0.0|0.377541221188|0.0|0.0|0.0|0.0|0.0|0.0
0|-1|1|0|0|-1|1|-1|1#0.0|0.0|0.0|0.0|0.377541221188|0.0|0.0|0.0|0.0
0|-1|1|1|-1|-1|1|1|-1#0.377541221188|0.0|0.0|0.0|0.0|0.0|0.0|0.0|0.0
-1|-1|1|1|1|-1|0|0|0#0.0|0.0|0.0|0.0|0.0|0.0|0.377541221188|0.0|0.0
1|0|-1|-1|0|0|1|0|0#0.0|0.0|0.0|0.0|0.40114074379|0.0|0.0|0.0|0.0
1|1|0|1|0|-1|-1|-1|0#0.0|0.0|0.0|0.0|0.377148862535|0.0|0.0|0.0|0.0
0|-1|-1|1|0|0|1|-1|1#0.0|0.0|0.0|0.0|0.0|0.402321866893|0.0|0.0|0.0
1|1|-1|-1|-1|1|1|0|-1#0.0|0.0|0.0|0.0|0.0|0.0|0.0|0.377541221188|0.0
-1|0|1|1|1|-1|-1|-1|1#0.0|0.377541221188|0.0|0.0|0.0|0.0|0.0|0.0|0.0
0|-1|0|-1|1|-1|1|1|0#0.377541221188|0.0|0.0|0.0|0.0|0.0|0.0|0.0|0.0
0|0|-1|1|0|1|0|0|-1#0.377541222057|0.0|0.0|0.0|0.0|0.0|0.0|0.0|0.0
1|0|1|1|-1|0|0|-1|-1#0.0|0.0|0.0|0.0|0.0|0.402321866893|0.0|0.0|0.0
1|0|-1|1|1|0|-1|-1|0#0.0|0.370442774943|0.0|0.0|0.0|0.0|0.0|0.0|0.0
0|0|1|1|-1|-1|0|1|-1#0.0|0.400885434205|0.0|0.0|0.0|0.0|0.0|0.0|0.0
-1|-1|0|1|0|0|0|1|0#0.0|0.0|0.40866299005|0.0|0.0|0.0|0.0|0.0|0.0
-1|1|1|1|0|-1|-1|1|-1#0.0|0.0|0.0|0.0|0.377541221188|0.0|0.0|0.0|0.0
1|0|1|-1|1|-1|0|0|-1#0.0|0.0|0.0|0.0|0.0|0.0|0.377541221188|0.0|0.0
1|0|-1|1|0|1|-1|-1|0#0.0|0.402321866893|0.0|0.0|0.0|0.0|0.0|0.0|0.0
1|-1|1|0|-1|-1|0|0|1#0.0|0.0|0.0|0.0|0.0|0.0|0.0|0.408294967321|0.0
0|0|0|-1|1|0|1|-1|0#0.0|0.0|0.377541221188|0.0|0.0|0.0|0.0|0.0|0.0
0|0|0|1|0|0|-1|0|0#0.0|0.0|0.0|0.0|0.36973313651|0.0|0.0|0.0|0.0
0|0|0|0|1|0|1|-1|-1#0.0|0.0|0.377541221188|0.0|0.0|0.0|0.0|0.0|0.0
1|-1|-1|1|0|1|-1|1|-1#0.0|0.0|0.0|0.0|0.377541221188|0.0|0.0|0.0|0.0
1|0|0|1|-1|0|-1|-1|1#0.0|0.0|0.0|0.0|0.0|0.402321866893|0.0|0.0|0.0
-1|1|0|0|1|-1|1|0|-1#0.0|0.0|0.0|0.3721493774|0.0|0.0|0.0|0.0|0.0
0|0|1|-1|0|0|1|-1|0#0.0|0.0|0.0|0.0|0.377541221188|0.0|0.0|0.0|0.0
0|-1|-1|1|0|0|0|1|0#0.377639898372|0.0|0.0|0.0|0.0|0.0|0.0|0.0|0.0
0|-1|1|1|0|-1|1|0|-1#0.377541221188|0.0|0.0|0.0|0.0|0.0|0.0|0.0|0.0
1|0|1|1|-1|0|-1|-1|0#0.0|0.0|0.0|0.0|0.0|0.402321866893|0.0|0.0|0.0
1|-1|0|0|0|0|0|0|0#0.0|0.0|0.0|0.377541237144|0.377518661241|0.0|0.0|0.0|0.0
-1|1|1|0|0|-1|1|0|-1#0.0|0.0|0.0|0.400891829478|0.0|0.0|0.0|0.0|0.0
-1|1|-1|1|1|0|-1|0|0#0.0|0.0|0.0|0.0|0.0|0.377541221188|0.0|0.0|0.0
1|1|-1|0|-1|-1|0|0|1#0.0|0.0|0.0|0.37890199|0.0|0.0|0.0|0.0|0.0
0|0|1|-1|-1|0|1|0|0#0.0|0.0|0.0|0.0|0.0|0.0|0.0|0.0|0.400716000648
1|0|0|0|0|-1|0|-1|1#0.0|0.377541221188|0.0|0.0|0.0|0.0|0.0|0.0|0.0
1|-1|0|1|0|0|0|0|-1#0.0|0.0|0.0|0.0|0.0|0.0|0.0|0.377541221188|0.0
0|-1|0|1|0|-1|1|-1|1#0.0|0.0|0.372145309021|0.0|0.0|0.0|0.0|0.0|0.0
0|-1|-1|1|1|0|1|-1|0#0.377541221188|0.0|0.0|0.0|0.0|0.0|0.0|0.0|0.0
0|-1|0|1|1|0|-1|-1|1#0.0|0.0|0.377541221188|0.0|0.0|0.0|0.0|0.0|0.0
-1|0|1|1|-1|-1|1|-1|1#0.0|0.377541221188|0.0|0.0|0.0|0.0|0.0|0.0|0.0
0|-1|-1|0|1|1|1|0|-1#0.377541221188|0.0|0.0|0.0|0.0|0.0|0.0|0.0|0.0
-1|-1|1|1|-1|0|0|1|0#0.0|0.0|0.0|0.0|0.0|0.408391114939|0.0|0.0|0.0
0|0|0|0|0|0|1|-1|0#0.0|0.0|0.379285198999|0.0|0.0|0.0|0.0|0.0|0.0
-1|0|0|1|-1|1|-1|0|1#0.0|0.0|0.0|0.0|0.0|0.0|0.0|0.407958969844|0.0
0|0|1|1|0|-1|1|-1|-1#0.377541221188|0.0|0.0|0.0|0.0|0.0|0.0|0.0|0.0
1|-1|0|1|1|-1|-1|0|0#0.0|0.0|0.377541221188|0.0|0.0|0.0|0.0|0.0|0.0
1|0|-1|-1|0|0|1|-1|1#0.0|0.0|0.0|0.0|0.377541221188|0.0|0.0|0.0|0.0
1|-1|-1|-1|1|0|1|0|0#0.0|0.0|0.0|0.0|0.0|0.0|0.0|0.0|0.377541221188
-1|1|-1|0|0|0|1|0|0#0.0|0.0|0.0|0.0|0.0|0.408354090143|0.0|0.0|0.0
0|0|-1|1|-1|0|0|1|0#0.0|0.402617324089|0.0|0.0|0.0|0.0|0.0|0.0|0.0
1|1|-1|1|0|-1|-1|-1|1#0.0|0.0|0.0|0.0|0.377541221188|0.0|0.0|0.0|0.0
1|-1|0|0|1|0|0|0|-1#0.0|0.0|0.0|0.0|0.0|0.0|0.377539993144|0.0|0.0
-1|-1|1|1|-1|-1|1|1|0#0.0|0.0|0.0|0.0|0.0|0.0|0.0|0.0|0.377541221188
-1|0|0|-1|1|0|1|1|-1#0.0|0.0|0.0|0.0|0.0|0.377541221188|0.0|0.0|0.0
-1|1|1|0|0|-1|1|-1|0#0.0|0.0|0.0|0.0|0.0|0.0|0.0|0.0|0.377541221188
1|-1|-1|-1|1|1|1|-1|0#0.0|0.0|0.0|0.0|0.0|0.0|0.0|0.0|0.377541221188
-1|0|0|1|1|-1|-1|1|0#0.0|0.0|0.377541221188|0.0|0.0|0.0|0.0|0.0|0.0
1|-1|0|0|1|1|-1|0|-1#0.0|0.0|0.0|0.0|0.0|0.0|0.0|0.377541221188|0.0
1|0|0|-1|-1|1|1|-1|0#0.0|0.0|0.371755287492|0.0|0.0|0.0|0.0|0.0|0.0
1|-1|0|0|0|-1|1|-1|1#0.0|0.0|0.0|0.377541221188|0.0|0.0|0.0|0.0|0.0
-1|-1|0|0|1|1|1|0|-1#0.0|0.0|0.0|0.377541221188|0.0|0.0|0.0|0.0|0.0
-1|1|-1|-1|0|0|1|0|1#0.0|0.0|0.0|0.0|0.0|0.0|0.0|0.377541221188|0.0
0|1|-1|1|-1|0|0|1|-1#0.0|0.0|0.0|0.0|0.0|0.0|0.402321866893|0.0|0.0
-1|0|0|1|1|0|-1|1|-1#0.0|0.377541221188|0.0|0.0|0.0|0.0|0.0|0.0|0.0
1|1|0|0|0|-1|-1|0|0#0.0|0.0|0.0|0.0|0.0|0.0|0.0|0.0|0.409977371401
0|0|-1|1|0|1|-1|1|-1#0.0|0.0|0.0|0.0|0.377541221188|0.0|0.0|0.0|0.0
1|1|-1|-1|0|0|0|1|-1#0.0|0.0|0.0|0.0|0.0|0.377541221188|0.0|0.0|0.0
0|-1|1|-1|0|1|1|0|-1#0.377541221188|0.0|0.0|0.0|0.0|0.0|0.0|0.0|0.0
1|-1|1|0|-1|-1|1|0|0#0.0|0.0|0.0|0.377541221188|0.0|0.0|0.0|0.0|0.0
0|0|0|1|-1|0|0|-1|1#0.0|0.0|0.0|0.0|0.0|0.403043123927|0.0|0.0|0.0
-1|-1|1|1|-1|1|-1|1|0#0.0|0.0|0.0|0.0|0.0|0.0|0.0|0.0|0.377541221188
1|-1|1|-1|1|0|-1|0|0#0.0|0.0|0.0|0.0|0.0|0.377541221188|0.0|0.0|0.0
0|0|0|1|0|-1|0|0|0#0.0|0.0|0.377541217377|0.0|0.0|0.0|0.0|0.0|0.0
0|0|1|-1|-1|1|1|0|-1#0.377541221188|0.0|0.0|0.0|0.0|0.0|0.0|0.0|0.0
-1|0|0|1|0|-1|0|1|0#0.0|0.0|0.0|0.0|0.0|0.0|0.0|0.0|0.377541221188
1|0|-1|0|1|1|-1|0|-1#0.0|0.0|0.0|0.0|0.0|0.0|0.0|0.377541221188|0.0
-1|1|1|1|-1|-1|-1|0|1#0.0|0.0|0.0|0.0|0.0|0.0|0.0|0.377541221188|0.0
-1|0|0|0|0|0|1|0|0#0.0|0.0|0.0|0.0|0.377541221188|0.0|0.0|0.0|0.0
1|-1|-1|0|0|-1|0|1|1#0.0|0.0|0.0|0.377541221188|0.0|0.0|0.0|0.0|0.0
-1|1|-1|1|-1|-1|0|1|1#0.0|0.0|0.0|0.0|0.0|0.0|0.377541221188|0.0|0.0
1|-1|-1|1|1|-1|0|0|0#0.0|0.0|0.0|0.0|0.0|0.0|0.377541221188|0.0|0.0
0|1|-1|0|-1|1|1|0|-1#0.0|0.0|0.0|0.0|0.0|0.0|0.0|0.377541502598|0.0
-1|0|0|1|0|1|0|0|-1#0.0|0.0|0.0|0.0|0.0|0.0|0.370259902351|0.0|0.0
0|1|-1|1|1|-1|-1|0|0#0.400467169406|0.0|0.0|0.0|0.0|0.0|0.0|0.0|0.0
1|0|-1|0|0|-1|-1|1|1#0.0|0.0|0.0|0.402340459812|0.0|0.0|0.0|0.0|0.0
0|-1|1|1|0|-1|1|-1|0#0.377541221188|0.0|0.0|0.0|0.0|0.0|0.0|0.0|0.0
1|1|-1|1|0|0|0|-1|-1#0.0|0.0|0.0|0.0|0.402321866893|0.0|0.0|0.0|0.0
-1|0|-1|1|-1|0|0|1|1#0.0|0.40057351768|0.0|0.0|0.0|0.0|0.0|0.0|0.0
1|0|0|0|-1|-1|1|-1|1#0.0|0.0|0.0|0.377541221188|0.0|0.0|0.0|0.0|0.0
1|0|0|0|0|0|-1|0|0#0.0|0.0|0.0|0.0|0.377131467317|0.0|0.0|0.0|0.0
1|-1|-1|1|0|-1|0|1|0#0.0|0.0|0.0|0.0|0.0|0.0|0.377541221188|0.0|0.0
-1|0|0|0|1|-1|1|-1|1#0.0|0.0|0.0|0.377541221188|0.0|0.0|0.0|0.0|0.0
-1|-1|0|1|1|0|1|-1|0#0.0|0.0|0.0|0.0|0.0|0.377541221188|0.0|0.0|0.0
0|-1|0|1|0|0|1|0|-1#0.0|0.0|0.0|0.0|0.0|0.0|0.0|0.410505981907|0.0
1|-1|0|1|0|0|-1|0|0#0.0|0.0|0.0|0.0|0.0|0.377541221188|0.0|0.0|0.0
-1|1|-1|1|-1|-1|1|0|1#0.0|0.0|0.0|0.0|0.0|0.0|0.0|0.377541221188|0.0
-1|0|0|1|-1|0|0|1|0#0.0|0.0|0.0|0.0|0.0|0.402616976672|0.0|0.0|0.0
0|1|-1|0|0|0|1|0|-1#0.0|0.0|0.0|0.0|0.0|0.370261117239|0.0|0.0|0.0
0|0|0|-1|1|0|1|0|-1#0.0|0.0|0.377541221188|0.0|0.0|0.0|0.0|0.0|0.0
1|1|0|1|-1|0|-1|-1|0#0.0|0.0|0.0|0.0|0.0|0.402321866893|0.0|0.0|0.0
1|0|-1|-1|1|1|1|-1|-1#0.0|0.377541221188|0.0|0.0|0.0|0.0|0.0|0.0|0.0
1|-1|1|1|-1|-1|-1|1|0#0.0|0.0|0.0|0.0|0.0|0.0|0.0|0.0|0.377541221188
0|0|-1|1|-1|1|1|0|-1#0.377541221188|0.0|0.0|0.0|0.0|0.0|0.0|0.0|0.0
0|1|1|1|-1|-1|-1|-1|1#0.377541221188|0.0|0.0|0.0|0.0|0.0|0.0|0.0|0.0
0|-1|1|1|1|-1|-1|-1|1#0.377541221188|0.0|0.0|0.0|0.0|0.0|0.0|0.0|0.0
0|0|1|0|0|-1|1|0|-1#0.0|0.0|0.0|0.379255131074|0.0|0.0|0.0|0.0|0.0
0|0|1|0|0|0|1|-1|-1#0.0|0.0|0.0|0.0|0.377541221188|0.0|0.0|0.0|0.0
1|0|0|0|0|0|0|0|-1#0.0|0.377132757018|0.0|0.0|0.0|0.0|0.377541217388|0.0|0.0
0|-1|0|1|-1|0|1|0|0#0.0|0.0|0.0|0.0|0.0|0.0|0.0|0.402513487752|0.0
1|1|-1|-1|1|0|1|-1|-1#0.0|0.0|0.0|0.0|0.0|0.377541221188|0.0|0.0|0.0
0|-1|1|1|-1|0|1|0|-1#0.0|0.0|0.0|0.0|0.0|0.402321866893|0.0|0.0|0.0
0|0|-1|1|1|0|-1|0|0#0.0|0.0|0.0|0.0|0.0|0.0|0.0|0.37198838872|0.0
1|0|-1|-1|-1|0|1|1|0#0.0|0.0|0.0|0.0|0.0|0.377541221188|0.0|0.0|0.0
1|0|-1|0|-1|-1|0|1|1#0.0|0.0|0.0|0.0|0.0|0.0|0.377541221188|0.0|0.0
-1|0|1|0|-1|1|1|-1|0#0.0|0.0|0.0|0.0|0.0|0.0|0.0|0.0|0.377541221188
-1|0|-1|0|1|0|1|-1|1#0.0|0.377541221188|0.0|0.0|0.0|0.0|0.0|0.0|0.0
0|-1|1|0|0|0|1|-1|0#0.0|0.0|0.0|0.0|0.0|0.0|0.0|0.0|0.403067351252
0|1|1|1|-1|-1|-1|1|-1#0.377541221188|0.0|0.0|0.0|0.0|0.0|0.0|0.0|0.0
1|-1|0|0|1|0|1|-1|-1#0.0|0.0|0.0|0.377541221188|0.0|0.0|0.0|0.0|0.0
-1|-1|1|1|0|1|-1|1|-1#0.0|0.0|0.0|0.0|0.377541221188|0.0|0.0|0.0|0.0
0|-1|1|1|1|-1|0|-1|0#0.377541221188|0.0|0.0|0.0|0.0|0.0|0.0|0.0|0.0
1|0|-1|0|0|1|1|-1|-1#0.0|0.0|0.0|0.0|0.377541221188|0.0|0.0|0.0|0.0
0|0|1|1|-1|-1|1|0|-1#0.0|0.0|0.0|0.0|0.0|0.0|0.0|0.409598005177|0.0
1|0|-1|-1|-1|1|1|-1|1#0.0|0.377541221188|0.0|0.0|0.0|0.0|0.0|0.0|0.0
0|-1|-1|-1|1|1|1|1|-1#0.377541221188|0.0|0.0|0.0|0.0|0.0|0.0|0.0|0.0
1|0|1|1|-1|0|-1|0|-1#0.0|0.377541221188|0.0|0.0|0.0|0.0|0.0|0.0|0.0
1|-1|0|0|1|0|-1|0|0#0.0|0.0|0.0|0.370255770155|0.0|0.0|0.0|0.0|0.0
-1|0|1|1|1|-1|0|-1|0#0.0|0.0|0.0|0.0|0.0|0.0|0.377541221188|0.0|0.0
1|1|-1|0|0|0|1|-1|-1#0.0|0.0|0.0|0.0|0.409716232436|0.0|0.0|0.0|0.0
0|-1|1|1|-1|-1|1|0|0#0.0|0.0|0.0|0.0|0.0|0.0|0.0|0.377541221188|0.0
1|-1|-1|1|-1|0|0|1|0#0.0|0.0|0.0|0.0|0.0|0.0|0.377541221188|0.0|0.0
1|-1|0|1|-1|-1|0|0|1#0.0|0.0|0.4022135923|0.0|0.0|0.0|0.0|0.0|0.0
0|-1|0|1|0|-1|1|0|0#0.0|0.0|0.0|0.0|0.0|0.0|0.0|0.370254529361|0.0
0|0|-1|1|0|0|-1|1|0#0.0|0.0|0.0|0.0|0.371584955424|0.0|0.0|0.0|0.0
-1|1|-1|0|1|-1|1|-1|1#0.0|0.0|0.0|0.377541221188|0.0|0.0|0.0|0.0|0.0
1|1|-1|0|-1|-1|1|-1|1#0.0|0.0|0.0|0.377541221188|0.0|0.0|0.0|0.0|0.0
-1|-1|0|1|0|-1|0|1|1#0.0|0.0|0.0|0.0|0.0|0.0|0.377541221188|0.0|0.0
1|0|-1|1|0|1|-1|0|-1#0.0|0.402321866893|0.0|0.0|0.0|0.0|0.0|0.0|0.0
1|1|-1|1|-1|0|0|-1|0#0.0|0.0|0.0|0.0|0.0|0.370014276765|0.0|0.0|0.0
1|-1|1|-1|-1|0|1|1|-1#0.0|0.0|0.0|0.0|0.0|0.377541221188|0.0|0.0|0.0
1|-1|0|0|1|-1|0|0|0#0.0|0.0|0.0|0.0|0.0|0.0|0.0|0.0|0.377541221188
1|0|-1|-1|1|1|-1|0|0#0.0|0.0|0.0|0.0|0.0|0.0|0.0|0.0|0.377541221188
0|0|-1|1|-1|1|0|1|-1#0.40096142123|0.0|0.0|0.0|0.0|0.0|0.0|0.0|0.0
0|0|0|0|-1|0|1|0|0#0.0|0.0|0.40911646363|0.0|0.0|0.0|0.0|0.0|0.0
1|-1|1|1|-1|-1|0|1|-1#0.0|0.0|0.0|0.0|0.0|0.0|0.377541221188|0.0|0.0
1|0|-1|-1|1|1|0|0|-1#0.0|0.0|0.0|0.0|0.0|0.0|0.0|0.377541221188|0.0
1|-1|-1|-1|0|1|1|1|-1#0.0|0.0|0.0|0.0|0.377541221188|0.0|0.0|0.0|0.0
0|0|-1|-1|0|1|1|1|-1#0.377541221188|0.0|0.0|0.0|0.0|0.0|0.0|0.0|0.0
-1|-1|1|1|1|-1|-1|1|0#0.0|0.0|0.0|0.0|0.0|0.0|0.0|0.0|0.377541221188
-1|1|0|1|1|-1|-1|0|0#0.0|0.0|0.0|0.0|0.0|0.0|0.0|0.377541221188|0.0
-1|0|0|1|-1|1|-1|1|0#0.0|0.0|0.379212095812|0.0|0.0|0.0|0.0|0.0|0.0
-1|1|0|1|1|-1|1|-1|-1#0.0|0.0|0.377541221188|0.0|0.0|0.0|0.0|0.0|0.0
-1|0|-1|1|-1|1|0|0|1#0.0|0.409597946403|0.0|0.0|0.0|0.0|0.0|0.0|0.0
1|0|0|1|-1|-1|-1|0|1#0.0|0.0|0.0|0.0|0.0|0.0|0.0|0.377635019409|0.0
-1|1|1|-1|0|-1|1|1|-1#0.0|0.0|0.0|0.0|0.377541221188|0.0|0.0|0.0|0.0
-1|1|1|0|-1|-1|1|-1|1#0.0|0.0|0.0|0.377541221188|0.0|0.0|0.0|0.0|0.0
0|0|0|1|0|1|-1|0|-1#0.0|0.0|0.0|0.0|0.377541221188|0.0|0.0|0.0|0.0
1|0|1|-1|1|0|-1|0|-1#0.0|0.0|0.0|0.0|0.0|0.371659103571|0.0|0.0|0.0
1|-1|0|1|0|-1|0|1|-1#0.0|0.0|0.377541221188|0.0|0.0|0.0|0.0|0.0|0.0
1|0|-1|0|-1|1|1|-1|0#0.0|0.377541221188|0.0|0.0|0.0|0.0|0.0|0.0|0.0
0|-1|-1|1|1|0|-1|1|0#0.377541221188|0.0|0.0|0.0|0.0|0.0|0.0|0.0|0.0
-1|-1|1|1|0|0|-1|1|0#0.0|0.0|0.0|0.0|0.0|0.377541221188|0.0|0.0|0.0
0|1|0|1|1|-1|-1|-1|0#0.0|0.0|0.410035466877|0.0|0.0|0.0|0.0|0.0|0.0
-1|-1|0|1|0|0|1|-1|1#0.0|0.0|0.0|0.0|0.40962144862|0.0|0.0|0.0|0.0
1|1|-1|-1|-1|0|1|-1|1#0.0|0.0|0.0|0.0|0.0|0.377541221188|0.0|0.0|0.0
-1|1|-1|-1|0|1|1|-1|1#0.0|0.0|0.0|0.0|0.377541221188|0.0|0.0|0.0|0.0
1|-1|1|0|-1|-1|-1|1|1#0.0|0.0|0.0|0.377541221188|0.0|0.0|0.0|0.0|0.0
1|0|1|0|-1|-1|0|-1|1#0.0|0.0|0.0|0.0|0.0|0.0|0.402321866893|0.0|0.0
1|-1|0|1|-1|0|0|0|0#0.0|0.0|0.0|0.0|0.0|0.403073085844|0.0|0.0|0.0
0|1|-1|0|1|-1|1|-1|0#0.0|0.0|0.0|0.0|0.0|0.0|0.0|0.0|0.377541221188
1|-1|-1|1|-1|1|0|1|-1#0.0|0.0|0.0|0.0|0.0|0.0|0.377541221188|0.0|0.0
1|0|0|-1|0|-1|1|-1|1#0.0|0.0|0.0|0.0|0.377541221188|0.0|0.0|0.0|0.0
-1|0|-1|-1|0|1|1|1|0#0.0|0.377541221188|0.0|0.0|0.0|0.0|0.0|0.0|0.0
1|0|0|0|0|-1|1|-1|0#0.0|0.0|0.0|0.0|0.0|0.0|0.0|0.0|0.377541221188
0|1|-1|-1|0|-1|1|0|1#0.0|0.0|0.0|0.0|0.0|0.0|0.0|0.377541221188|0.0
1|0|0|0|-1|0|0|0|0#0.0|0.0|0.377518961186|0.0|0.0|0.0|0.0|0.0|0.0
0|1|-1|-1|-1|0|1|0|1#0.400892151312|0.0|0.0|0.0|0.0|0.0|0.0|0.0|0.0
-1|-1|0|-1|0|1|1|0|1#0.0|0.0|0.377541221188|0.0|0.0|0.0|0.0|0.0|0.0
-1|1|-1|0|1|0|1|0|-1#0.0|0.0|0.0|0.0|0.0|0.377541221188|0.0|0.0|0.0
-1|0|1|0|0|-1|1|0|0#0.0|0.369849309802|0.0|0.0|0.0|0.0|0.0|0.0|0.0
0|1|-1|0|0|-1|1|0|0#0.0|0.0|0.0|0.0|0.0|0.0|0.0|0.0|0.377541220981
0|-1|-1|1|0|0|1|1|-1#0.377541221188|0.0|0.0|0.0|0.0|0.0|0.0|0.0|0.0
1|0|1|-1|0|-1|1|-1|0#0.0|0.377541221188|0.0|0.0|0.0|0.0|0.0|0.0|0.0
1|1|-1|-1|0|0|1|0|-1#0.0|0.0|0.0|0.0|0.0|0.0|0.0|0.377540299257|0.0
-1|1|1|0|-1|-1|1|0|0#0.0|0.0|0.0|0.0|0.0|0.0|0.0|0.0|0.369941633642
1|1|-1|1|0|0|-1|-1|0#0.0|0.0|0.0|0.0|0.0|0.0|0.0|0.0|0.370014281106
1|-1|1|1|-1|0|-1|1|-1#0.0|0.0|0.0|0.0|0.0|0.377541221188|0.0|0.0|0.0
-1|1|-1|1|0|-1|1|-1|1#0.0|0.0|0.0|0.0|0.377541221188|0.0|0.0|0.0|0.0
1|-1|0|1|0|1|-1|0|-1#0.0|0.0|0.0|0.0|0.377541221188|0.0|0.0|0.0|0.0
-1|0|1|-1|0|1|1|-1|0#0.0|0.0|0.0|0.0|0.377541221188|0.0|0.0|0.0|0.0
-1|0|0|1|1|0|-1|0|0#0.0|0.377115904291|0.0|0.0|0.0|0.0|0.0|0.0|0.0
0|0|1|1|1|-1|-1|-1|0#0.0|0.0|0.0|0.0|0.0|0.0|0.0|0.0|0.377541221188
-1|1|1|1|0|-1|-1|-1|1#0.0|0.0|0.0|0.0|0.377541221188|0.0|0.0|0.0|0.0
1|0|0|0|-1|0|1|-1|0#0.0|0.0|0.0|0.377541221188|0.0|0.0|0.0|0.0|0.0
1|-1|1|-1|-1|0|1|0|0#0.0|0.0|0.0|0.0|0.0|0.0|0.0|0.378827874952|0.0
1|-1|1|-1|0|-1|1|1|-1#0.0|0.0|0.0|0.0|0.377541221188|0.0|0.0|0.0|0.0
1|-1|-1|1|0|1|0|0|-1#0.0|0.0|0.0|0.0|0.0|0.0|0.0|0.377541221188|0.0
-1|1|-1|-1|1|0|1|0|0#0.0|0.0|0.0|0.0|0.0|0.377541221188|0.0|0.0|0.0
1|-1|1|0|-1|1|-1|1|-1#0.0|0.0|0.0|0.377541221188|0.0|0.0|0.0|0.0|0.0
1|-1|0|1|-1|1|-1|1|-1#0.0|0.0|0.377541221188|0.0|0.0|0.0|0.0|0.0|0.0
0|0|0|1|1|0|-1|0|-1#0.0|0.409982069704|0.0|0.0|0.0|0.0|0.0|0.0|0.0
-1|-1|0|1|-1|1|-1|1|1#0.0|0.0|0.377541221188|0.0|0.0|0.0|0.0|0.0|0.0
-1|0|1|1|0|-1|1|0|-1#0.0|0.370014181989|0.0|0.0|0.0|0.0|0.0|0.0|0.0
-1|-1|1|1|0|-1|1|-1|1#0.0|0.0|0.0|0.0|0.377541221188|0.0|0.0|0.0|0.0
0|0|-1|1|1|0|-1|1|-1#0.370441195583|0.0|0.0|0.0|0.0|0.0|0.0|0.0|0.0
-1|0|0|0|1|-1|1|0|0#0.0|0.377541221176|0.0|0.0|0.0|0.0|0.0|0.0|0.0
-1|0|-1|1|0|1|1|0|-1#0.0|0.400472749055|0.0|0.0|0.0|0.0|0.0|0.0|0.0
-1|0|-1|-1|1|1|1|-1|1#0.0|0.377541221188|0.0|0.0|0.0|0.0|0.0|0.0|0.0
1|0|-1|1|-1|1|0|0|-1#0.0|0.0|0.0|0.0|0.0|0.0|0.377541221188|0.0|0.0
1|1|-1|-1|1|-1|1|-1|0#0.0|0.0|0.0|0.0|0.0|0.0|0.0|0.0|0.377541221188
0|0|0|1|1|0|-1|-1|0#0.0|0.0|0.0|0.0|0.0|0.0|0.0|0.0|0.377541221188
0|-1|0|1|-1|0|0|0|1#0.402617302869|0.0|0.0|0.0|0.0|0.0|0.0|0.0|0.0
0|-1|1|-1|0|1|1|-1|0#0.377121135102|0.0|0.0|0.0|0.0|0.0|0.0|0.0|0.0
0|0|0|-1|1|-1|1|1|-1#0.0|0.377541221188|0.0|0.0|0.0|0.0|0.0|0.0|0.0
1|-1|1|-1|0|1|1|-1|-1#0.0|0.0|0.0|0.0|0.377541221188|0.0|0.0|0.0|0.0
-1|0|-1|1|1|-1|1|-1|1#0.0|0.377541221188|0.0|0.0|0.0|0.0|0.0|0.0|0.0
0|0|1|1|0|-1|-1|0|0#0.0|0.377541221188|0.0|0.0|0.0|0.0|0.0|0.0|0.0
1|1|0|1|-1|-1|-1|-1|1#0.0|0.0|0.377541221188|0.0|0.0|0.0|0.0|0.0|0.0
1|0|0|-1|0|0|1|-1|0#0.0|0.0|0.0|0.0|0.0|0.0|0.0|0.0|0.370351338764
-1|0|1|1|-1|-1|0|1|0#0.0|0.409697821876|0.0|0.0|0.0|0.0|0.0|0.0|0.0
-1|1|0|-1|1|-1|1|0|0#0.0|0.0|0.0|0.0|0.0|0.0|0.0|0.377541221188|0.0
-1|1|1|-1|0|-1|1|0|0#0.0|0.0|0.0|0.0|0.0|0.0|0.0|0.371653670441|0.0
1|-1|1|0|0|-1|1|-1|0#0.0|0.0|0.0|0.0|0.377541221188|0.0|0.0|0.0|0.0
0|-1|0|1|1|0|-1|0|0#0.37751898576|0.0|0.0|0.0|0.0|0.0|0.0|0.0|0.0
0|1|1|-1|-1|1|1|-1|-1#0.377541221188|0.0|0.0|0.0|0.0|0.0|0.0|0.0|0.0
1|1|0|-1|0|0|0|0|-1#0.0|0.0|0.0|0.0|0.377541221188|0.0|0.0|0.0|0.0
0|0|0|1|-1|1|-1|-1|1#0.402321866893|0.0|0.0|0.0|0.0|0.0|0.0|0.0|0.0
1|1|0|-1|0|0|1|-1|-1#0.0|0.0|0.0|0.0|0.0|0.377541221188|0.0|0.0|0.0
-1|1|-1|1|-1|0|1|-1|1#0.0|0.0|0.0|0.0|0.0|0.377541221188|0.0|0.0|0.0
0|1|-1|1|-1|-1|0|1|0#0.402321866893|0.0|0.0|0.0|0.0|0.0|0.0|0.0|0.0
1|-1|0|-1|1|0|0|0|0#0.0|0.0|0.0|0.0|0.0|0.0|0.0|0.0|0.377541221188
0|0|0|1|-1|0|0|0|0#0.0|0.0|0.0|0.0|0.0|0.0|0.0|0.0|0.402983370116
1|-1|0|1|-1|1|-1|0|0#0.0|0.0|0.371637472953|0.0|0.0|0.0|0.0|0.0|0.0
-1|0|1|1|0|-1|0|1|-1#0.0|0.0|0.0|0.0|0.0|0.0|0.37724467791|0.0|0.0
1|0|0|1|0|0|0|-1|-1#0.0|0.410083061981|0.0|0.0|0.0|0.0|0.0|0.0|0.0
-1|0|0|-1|1|0|1|0|0#0.0|0.0|0.0|0.0|0.0|0.0|0.0|0.0|0.377541221188
1|0|-1|0|-1|0|1|0|0#0.0|0.0|0.0|0.0|0.0|0.0|0.0|0.377541221177|0.0
0|-1|0|-1|1|1|1|0|-1#0.0|0.0|0.0|0.0|0.0|0.0|0.0|0.377541221188|0.0
0|0|-1|-1|0|1|1|0|0#0.0|0.0|0.0|0.0|0.0|0.0|0.0|0.377143935078|0.0
-1|-1|0|1|0|-1|1|1|0#0.0|0.0|0.0|0.0|0.371735668223|0.0|0.0|0.0|0.0
1|0|0|-1|0|0|0|0|0#0.0|0.0|0.0|0.0|0.377539975272|0.0|0.0|0.0|0.0
1|1|-1|1|-1|1|0|-1|-1#0.0|0.0|0.0|0.0|0.0|0.0|0.377541221188|0.0|0.0
1|1|-1|-1|0|1|-1|1|-1#0.0|0.0|0.0|0.0|0.377541221188|0.0|0.0|0.0|0.0
-1|1|-1|-1|0|1|1|0|0#0.0|0.0|0.0|0.0|0.0|0.0|0.0|0.377541221188|0.0
0|1|1|0|-1|0|1|-1|-1#0.0|0.0|0.0|0.409692269855|0.0|0.0|0.0|0.0|0.0
0|0|1|1|-1|-1|-1|1|0#0.0|0.377541221188|0.0|0.0|0.0|0.0|0.0|0.0|0.0
-1|1|1|1|1|-1|-1|0|-1#0.0|0.0|0.0|0.0|0.0|0.0|0.0|0.377541221188|0.0
1|1|-1|0|0|0|-1|1|-1#0.0|0.0|0.0|0.0|0.0|0.408396523071|0.0|0.0|0.0
-1|1|-1|1|-1|1|0|-1|1#0.0|0.0|0.0|0.0|0.0|0.0|0.377541221188|0.0|0.0
1|0|1|-1|-1|1|1|-1|-1#0.0|0.377541221188|0.0|0.0|0.0|0.0|0.0|0.0|0.0
1|-1|1|1|1|-1|0|-1|-1#0.0|0.0|0.0|0.0|0.0|0.0|0.377541221188|0.0|0.0
-1|1|0|1|1|0|-1|-1|0#0.0|0.0|0.371660722256|0.0|0.0|0.0|0.0|0.0|0.0
1|0|-1|-1|0|1|1|0|-1#0.0|0.0|0.0|0.0|0.377541221188|0.0|0.0|0.0|0.0
1|-1|0|0|0|0|1|-1|0#0.0|0.0|0.0|0.0|0.0|0.0|0.0|0.0|0.408667382559
-1|1|-1|0|1|1|1|-1|-1#0.0|0.0|0.0|0.377541221188|0.0|0.0|0.0|0.0|0.0
-1|0|-1|-1|1|1|1|1|-1#0.0|0.377541221188|0.0|0.0|0.0|0.0|0.0|0.0|0.0
1|1|0|-1|0|-1|0|0|0#0.0|0.0|0.377541221188|0.0|0.0|0.0|0.0|0.0|0.0
0|-1|0|-1|0|1|1|0|0#0.377138530603|0.0|0.0|0.0|0.0|0.0|0.0|0.0|0.0
1|1|0|-1|0|-1|-1|0|1#0.0|0.0|0.0|0.0|0.0|0.0|0.0|0.402672566067|0.0
1|1|0|0|0|0|-1|0|-1#0.0|0.0|0.377541221188|0.0|0.0|0.0|0.0|0.0|0.0
-1|1|-1|0|-1|1|1|0|0#0.0|0.0|0.0|0.0|0.0|0.0|0.0|0.369917251128|0.0
1|-1|0|0|-1|1|1|0|-1#0.0|0.0|0.402749271706|0.0|0.0|0.0|0.0|0.0|0.0
1|0|1|0|1|-1|-1|0|-1#0.0|0.377541221188|0.0|0.0|0.0|0.0|0.0|0.0|0.0
1|0|0|-1|1|-1|0|0|0#0.0|0.0|0.377541221188|0.0|0.0|0.0|0.0|0.0|0.0
1|0|1|0|-1|0|-1|0|0#0.0|0.0|0.0|0.0|0.0|0.0|0.0|0.377541221188|0.0
1|-1|1|1|-1|1|-1|0|-1#0.0|0.0|0.0|0.0|0.0|0.0|0.0|0.377541221188|0.0
1|-1|0|1|1|0|0|-1|-1#0.0|0.0|0.378900959281|0.0|0.0|0.0|0.0|0.0|0.0
-1|-1|1|0|-1|0|1|1|0#0.0|0.0|0.0|0.0|0.0|0.0|0.0|0.0|0.377541221188
0|-1|-1|1|0|0|1|0|0#0.0|0.0|0.0|0.0|0.401239916293|0.0|0.0|0.0|0.0
1|-1|1|1|-1|-1|-1|0|1#0.0|0.0|0.0|0.0|0.0|0.0|0.0|0.377541221188|0.0
0|1|-1|-1|1|0|1|-1|0#0.0|0.0|0.0|0.0|0.0|0.0|0.0|0.0|0.377541221188
1|0|1|-1|-1|0|0|0|0#0.0|0.377541221188|0.0|0.0|0.0|0.0|0.0|0.0|0.0
0|0|1|0|-1|-1|1|0|0#0.0|0.0|0.0|0.409976360387|0.0|0.0|0.0|0.0|0.0
1|0|-1|0|0|0|1|0|-1#0.0|0.0|0.0|0.0|0.0|0.377541221188|0.0|0.0|0.0
0|0|-1|1|1|-1|-1|1|0#0.371637056362|0.0|0.0|0.0|0.0|0.0|0.0|0.0|0.0
0|-1|0|-1|1|0|1|1|-1#0.0|0.0|0.0|0.0|0.0|0.377541221188|0.0|0.0|0.0
1|-1|-1|-1|1|0|1|1|-1#0.0|0.0|0.0|0.0|0.0|0.377541221188|0.0|0.0|0.0
0|-1|-1|1|-1|0|1|1|0#0.0|0.0|0.0|0.0|0.0|0.410110124125|0.0|0.0|0.0
1|1|0|-1|1|-1|1|-1|-1#0.0|0.0|0.377541221188|0.0|0.0|0.0|0.0|0.0|0.0
-1|-1|0|-1|1|0|1|0|1#0.0|0.0|0.0|0.0|0.0|0.0|0.0|0.377541221188|0.0
1|0|0|1|-1|0|0|-1|0#0.0|0.410109221248|0.0|0.0|0.0|0.0|0.0|0.0|0.0
1|0|-1|0|-1|0|1|1|-1#0.0|0.37921628054|0.0|0.0|0.0|0.0|0.0|0.0|0.0
0|0|-1|1|0|0|0|1|-1#0.0|0.0|0.0|0.0|0.0|0.408248948122|0.0|0.0|0.0
1|-1|-1|1|0|-1|-1|1|1#0.0|0.0|0.0|0.0|0.377541221188|0.0|0.0|0.0|0.0
-1|1|1|-1|-1|0|1|-1|1#0.0|0.0|0.0|0.0|0.0|0.377541221188|0.0|0.0|0.0
1|-1|-1|-1|1|1|1|0|-1#0.0|0.0|0.0|0.0|0.0|0.0|0.0|0.377541221188|0.0
-1|-1|0|1|1|-1|1|-1|1#0.0|0.0|0.377541221188|0.0|0.0|0.0|0.0|0.0|0.0
1|-1|0|1|1|0|-1|0|-1#0.0|0.0|0.402642439289|0.0|0.0|0.0|0.0|0.0|0.0
-1|1|-1|0|0|1|1|0|-1#0.0|0.0|0.0|0.371729911139|0.0|0.0|0.0|0.0|0.0
1|0|0|0|0|0|1|-1|-1#0.0|0.0|0.0|0.0|0.377635774098|0.0|0.0|0.0|0.0
1|-1|-1|-1|1|1|0|0|0#0.0|0.0|0.0|0.0|0.0|0.0|0.0|0.377541221188|0.0
0|0|0|1|1|-1|-1|0|0#0.0|0.408324547015|0.0|0.0|0.0|0.0|0.0|0.0|0.0
1|0|-1|0|0|-1|0|0|1#0.0|0.0|0.0|0.0|0.0|0.0|0.0|0.377541221188|0.0
1|0|-1|0|-1|1|1|0|-1#0.0|0.0|0.0|0.377541221188|0.0|0.0|0.0|0.0|0.0
-1|0|0|-1|0|1|1|-1|1#0.0|0.0|0.0|0.0|0.377541221188|0.0|0.0|0.0|0.0
0|-1|1|1|0|-1|0|0|0#0.0|0.0|0.0|0.0|0.377541221188|0.0|0.0|0.0|0.0
0|-1|1|0|-1|0|1|0|0#0.3702561472|0.0|0.0|0.0|0.0|0.0|0.0|0.0|0.0
-1|1|0|1|1|-1|-1|-1|1#0.0|0.0|0.377541221188|0.0|0.0|0.0|0.0|0.0|0.0
-1|0|-1|-1|1|0|1|0|1#0.0|0.377541221188|0.0|0.0|0.0|0.0|0.0|0.0|0.0
0|1|-1|0|0|1|1|-1|-1#0.0|0.0|0.0|0.0|0.377541221188|0.0|0.0|0.0|0.0
-1|1|-1|-1|-1|1|1|0|1#0.0|0.0|0.0|0.0|0.0|0.0|0.0|0.377541221188|0.0
1|0|1|-1|-1|0|1|0|-1#0.0|0.0|0.0|0.0|0.0|0.0|0.0|0.370318252467|0.0
-1|1|-1|0|0|-1|1|0|1#0.0|0.0|0.0|0.0|0.377541221188|0.0|0.0|0.0|0.0
1|-1|0|-1|0|0|1|-1|1#0.0|0.0|0.410017688216|0.0|0.0|0.0|0.0|0.0|0.0
1|0|1|1|0|-1|-1|-1|0#0.0|0.377541221188|0.0|0.0|0.0|0.0|0.0|0.0|0.0
0|-1|0|1|-1|-1|1|1|0#0.377541221188|0.0|0.0|0.0|0.0|0.0|0.0|0.0|0.0
1|-1|0|1|0|0|-1|1|-1#0.0|0.0|0.377541221188|0.0|0.0|0.0|0.0|0.0|0.0
1|0|-1|-1|0|-1|0|1|1#0.0|0.0|0.0|0.0|0.377541221188|0.0|0.0|0.0|0.0
1|1|0|0|0|-1|0|-1|0#0.0|0.0|0.377541221188|0.0|0.0|0.0|0.0|0.0|0.0
-1|0|1|-1|-1|0|1|1|0#0.0|0.0|0.0|0.0|0.0|0.0|0.0|0.0|0.377541221188
1|-1|0|-1|1|-1|1|1|-1#0.0|0.0|0.377541221188|0.0|0.0|0.0|0.0|0.0|0.0
0|-1|1|1|1|-1|-1|0|0#0.377541221188|0.0|0.0|0.0|0.0|0.0|0.0|0.0|0.0
0|-1|0|0|0|0|1|0|0#0.0|0.0|0.0|0.403007355136|0.0|0.0|0.0|0.0|0.0
-1|1|-1|-1|-1|1|1|1|0#0.0|0.0|0.0|0.0|0.0|0.0|0.0|0.0|0.377541221188
0|1|1|-1|0|-1|1|0|-1#0.0|0.0|0.0|0.0|0.377541221188|0.0|0.0|0.0|0.0
1|0|0|0|-1|-1|0|0|1#0.0|0.0|0.4099762828|0.0|0.0|0.0|0.0|0.0|0.0
1|-1|-1|0|0|1|1|-1|0#0.0|0.0|0.0|0.0|0.377541221188|0.0|0.0|0.0|0.0
1|1|-1|-1|-1|1|0|1|-1#0.0|0.0|0.0|0.0|0.0|0.0|0.377541221188|0.0|0.0
1|0|1|1|-1|-1|0|-1|0#0.0|0.377541221188|0.0|0.0|0.0|0.0|0.0|0.0|0.0
1|0|1|-1|1|-1|0|-1|0#0.0|0.0|0.0|0.0|0.0|0.0|0.377541221188|0.0|0.0
1|-1|0|1|0|0|0|-1|0#0.0|0.0|0.0|0.0|0.377546447725|0.0|0.0|0.0|0.0
1|0|0|1|0|-1|0|-1|0#0.0|0.0|0.377540288371|0.0|0.0|0.0|0.0|0.0|0.0
1|0|-1|0|0|-1|1|0|0#0.0|0.0|0.0|0.377541221188|0.0|0.0|0.0|0.0|0.0
-1|1|-1|1|0|-1|-1|1|1#0.0|0.0|0.0|0.0|0.377541221188|0.0|0.0|0.0|0.0
-1|-1|1|1|0|-1|-1|1|1#0.0|0.0|0.0|0.0|0.377541221188|0.0|0.0|0.0|0.0
0|1|0|1|1|-1|-1|0|-1#0.0|0.0|0.379312735501|0.0|0.0|0.0|0.0|0.0|0.0
-1|1|-1|1|-1|-1|1|1|0#0.0|0.0|0.0|0.0|0.0|0.0|0.0|0.0|0.377541221188
0|-1|0|0|1|1|1|-1|-1#0.0|0.0|0.0|0.377541221188|0.0|0.0|0.0|0.0|0.0
0|-1|0|1|0|0|1|-1|0#0.0|0.0|0.0|0.0|0.0|0.0|0.0|0.0|0.400723082272
-1|-1|1|0|0|1|1|-1|0#0.0|0.0|0.0|0.377237937918|0.0|0.0|0.0|0.0|0.0
0|0|-1|0|0|0|1|0|0#0.0|0.377642637283|0.0|0.0|0.0|0.0|0.0|0.0|0.0
0|1|1|-1|-1|0|1|-1|0#0.0|0.0|0.0|0.0|0.0|0.0|0.0|0.0|0.370341636856
1|0|1|0|-1|0|1|-1|-1#0.0|0.0|0.0|0.377541221188|0.0|0.0|0.0|0.0|0.0
1|1|0|0|-1|-1|1|0|-1#0.0|0.0|0.0|0.377541221188|0.0|0.0|0.0|0.0|0.0
1|-1|-1|1|0|-1|0|0|1#0.0|0.0|0.0|0.0|0.377541221188|0.0|0.0|0.0|0.0
1|1|0|1|-1|0|0|-1|-1#0.0|0.0|0.0|0.0|0.0|0.0|0.377541221188|0.0|0.0
-1|0|1|1|0|-1|-1|1|0#0.0|0.0|0.0|0.0|0.377541221188|0.0|0.0|0.0|0.0
0|1|-1|1|-1|-1|1|-1|1#0.377541221188|0.0|0.0|0.0|0.0|0.0|0.0|0.0|0.0
0|0|0|0|1|-1|1|0|-1#0.40997636144|0.0|0.0|0.0|0.0|0.0|0.0|0.0|0.0
0|1|-1|0|-1|-1|1|0|1#0.37723800789|0.0|0.0|0.0|0.0|0.0|0.0|0.0|0.0
0|0|-1|1|-1|0|0|0|1#0.0|0.401263516809|0.0|0.0|0.0|0.0|0.0|0.0|0.0
-1|0|1|1|0|-1|0|0|0#0.0|0.0|0.0|0.0|0.0|0.0|0.0|0.370334686379|0.0
1|1|0|-1|0|-1|1|0|-1#0.0|0.0|0.377541221188|0.0|0.0|0.0|0.0|0.0|0.0
-1|0|1|1|0|0|-1|1|-1#0.0|0.0|0.0|0.0|0.0|0.4079894907|0.0|0.0|0.0
1|-1|-1|0|1|1|-1|1|-1#0.0|0.0|0.0|0.377541221188|0.0|0.0|0.0|0.0|0.0
1|0|0|1|1|-1|-1|-1|0#0.0|0.0|0.0|0.0|0.0|0.0|0.0|0.0|0.377541221188
0|-1|1|1|1|-1|0|0|-1#0.0|0.0|0.0|0.0|0.0|0.0|0.0|0.377541221188|0.0
-1|-1|0|-1|1|1|1|1|-1#0.0|0.0|0.377541221188|0.0|0.0|0.0|0.0|0.0|0.0
1|-1|0|1|0|-1|0|-1|1#0.0|0.0|0.0|0.0|0.0|0.0|0.377541221188|0.0|0.0
1|-1|0|1|1|-1|0|-1|0#0.0|0.0|0.377541221188|0.0|0.0|0.0|0.0|0.0|0.0
1|0|0|-1|1|-1|1|0|-1#0.0|0.0|0.0|0.0|0.0|0.0|0.0|0.400892148074|0.0
1|0|1|0|-1|-1|-1|1|0#0.0|0.0|0.0|0.377541221188|0.0|0.0|0.0|0.0|0.0
0|0|-1|1|0|0|0|0|0#0.0|0.0|0.0|0.0|0.0|0.0|0.0|0.371581109132|0.0
0|0|0|1|0|0|0|-1|0#0.37751860376|0.0|0.0|0.0|0.0|0.0|0.0|0.0|0.0
0|-1|1|0|0|-1|1|0|0#0.0|0.0|0.0|0.377541221188|0.0|0.0|0.0|0.0|0.0
1|-1|-1|1|1|-1|-1|1|0#0.0|0.0|0.0|0.0|0.0|0.0|0.0|0.0|0.377541221188
0|0|-1|-1|1|-1|1|1|0#0.410033959635|0.0|0.0|0.0|0.0|0.0|0.0|0.0|0.0
0|1|-1|1|-1|0|0|-1|1#0.0|0.0|0.0|0.0|0.0|0.0|0.377541221188|0.0|0.0
0|0|-1|-1|1|0|1|0|0#0.0|0.0|0.0|0.0|0.0|0.0|0.0|0.0|0.377541221188
-1|-1|1|0|0|0|1|-1|1#0.0|0.0|0.0|0.0|0.0|0.377541221188|0.0|0.0|0.0
1|-1|0|0|0|-1|0|0|1#0.0|0.0|0.0|0.3702558365|0.0|0.0|0.0|0.0|0.0
-1|0|-1|-1|0|1|1|0|1#0.0|0.377541221188|0.0|0.0|0.0|0.0|0.0|0.0|0.0
0|1|-1|0|0|-1|1|-1|1#0.0|0.0|0.0|0.377541221188|0.0|0.0|0.0|0.0|0.0
0|1|1|1|-1|-1|1|-1|-1#0.377541221188|0.0|0.0|0.0|0.0|0.0|0.0|0.0|0.0
1|1|0|-1|-1|0|1|0|-1#0.0|0.0|0.0|0.0|0.0|0.377541221188|0.0|0.0|0.0
-1|1|1|1|0|-1|0|0|-1#0.0|0.0|0.0|0.0|0.0|0.0|0.0|0.402237449335|0.0
1|1|0|0|-1|-1|0|0|0#0.0|0.0|0.377541221188|0.0|0.0|0.0|0.0|0.0|0.0
0|-1|1|-1|0|0|1|-1|1#0.400550599111|0.0|0.0|0.0|0.0|0.0|0.0|0.0|0.0
1|-1|-1|-1|1|1|-1|1|0#0.0|0.0|0.0|0.0|0.0|0.0|0.0|0.0|0.377541221188
1|0|1|0|-1|-1|-1|0|1#0.0|0.0|0.0|0.377541221188|0.0|0.0|0.0|0.0|0.0
-1|1|-1|1|-1|0|0|1|0#0.0|0.0|0.0|0.0|0.0|0.0|0.402316020154|0.0|0.0
0|1|-1|0|1|0|1|-1|-1#0.0|0.0|0.0|0.377540019633|0.0|0.0|0.0|0.0|0.0
0|0|1|-1|0|-1|1|0|0#0.0|0.369849292437|0.0|0.0|0.0|0.0|0.0|0.0|0.0
1|1|-1|-1|-1|0|1|1|-1#0.0|0.0|0.0|0.0|0.0|0.377541221188|0.0|0.0|0.0
-1|1|-1|1|-1|0|0|0|1#0.0|0.0|0.0|0.0|0.0|0.0|0.377541221188|0.0|0.0
0|1|1|1|-1|-1|0|0|-1#0.0|0.0|0.0|0.0|0.0|0.0|0.379212107441|0.0|0.0
1|1|0|0|0|-1|1|-1|-1#0.0|0.0|0.0|0.0|0.400890524718|0.0|0.0|0.0|0.0
1|1|0|0|0|-1|0|0|-1#0.0|0.0|0.0|0.0|0.0|0.0|0.377523349038|0.0|0.0
-1|1|-1|1|-1|1|1|-1|0#0.0|0.0|0.0|0.0|0.0|0.0|0.0|0.0|0.377541221188
1|0|0|-1|1|0|1|-1|-1#0.0|0.0|0.377541221188|0.0|0.0|0.0|0.0|0.0|0.0
1|-1|-1|1|-1|0|0|0|1#0.0|0.0|0.0|0.0|0.0|0.402321866893|0.0|0.0|0.0
1|0|1|1|-1|-1|-1|1|-1#0.0|0.377541221188|0.0|0.0|0.0|0.0|0.0|0.0|0.0
1|0|0|-1|1|0|-1|0|0#0.0|0.0|0.377635844305|0.0|0.0|0.0|0.0|0.0|0.0
1|0|0|-1|0|-1|0|0|1#0.0|0.0|0.0|0.0|0.0|0.0|0.379260101324|0.0|0.0
1|0|-1|0|1|0|1|-1|-1#0.0|0.0|0.0|0.377541221188|0.0|0.0|0.0|0.0|0.0
0|0|1|1|-1|0|1|-1|-1#0.0|0.369934599854|0.0|0.0|0.0|0.0|0.0|0.0|0.0
1|-1|0|-1|0|1|1|-1|0#0.0|0.0|0.0|0.0|0.377541221188|0.0|0.0|0.0|0.0
-1|-1|1|-1|0|1|1|1|-1#0.0|0.0|0.0|0.0|0.377541221188|0.0|0.0|0.0|0.0
-1|-1|1|1|0|0|0|1|-1#0.0|0.0|0.0|0.0|0.377541221188|0.0|0.0|0.0|0.0
1|-1|1|0|0|-1|1|0|-1#0.0|0.0|0.0|0.0|0.0|0.0|0.0|0.377541221188|0.0
0|1|-1|0|-1|0|1|0|0#0.0|0.0|0.0|0.0|0.0|0.377518984861|0.0|0.0|0.0
0|0|-1|-1|-1|1|1|1|0#0.0|0.0|0.0|0.0|0.0|0.0|0.0|0.0|0.377541221188
-1|1|1|0|-1|0|1|-1|0#0.0|0.0|0.0|0.0|0.0|0.0|0.0|0.0|0.377541221188
-1|-1|0|1|1|0|-1|1|0#0.0|0.0|0.0|0.0|0.0|0.377541221188|0.0|0.0|0.0
1|-1|-1|0|1|0|0|0|0#0.0|0.0|0.0|0.0|0.0|0.0|0.0|0.0|0.377541221188
1|0|-1|0|0|-1|1|-1|1#0.0|0.0|0.0|0.377541221188|0.0|0.0|0.0|0.0|0.0
1|-1|1|0|1|0|-1|0|-1#0.0|0.0|0.0|0.37032371097|0.0|0.0|0.0|0.0|0.0
1|0|-1|-1|1|-1|1|0|0#0.0|0.410139168484|0.0|0.0|0.0|0.0|0.0|0.0|0.0
1|0|1|0|-1|-1|1|-1|0#0.0|0.0|0.0|0.0|0.0|0.0|0.0|0.0|0.402321866893
-1|-1|1|1|0|1|1|-1|-1#0.0|0.0|0.0|0.0|0.377541221188|0.0|0.0|0.0|0.0
1|0|1|0|-1|0|-1|1|-1#0.0|0.377541221188|0.0|0.0|0.0|0.0|0.0|0.0|0.0
-1|1|-1|1|0|1|1|-1|-1#0.0|0.0|0.0|0.0|0.377541221188|0.0|0.0|0.0|0.0
1|0|0|0|0|0|0|-1|0#0.0|0.0|0.0|0.0|0.0|0.0|0.409117440532|0.0|0.0
1|-1|1|1|-1|-1|0|0|0#0.0|0.0|0.0|0.0|0.0|0.0|0.0|0.0|0.370323636588
1|-1|0|1|0|1|0|-1|-1#0.0|0.0|0.402321866893|0.0|0.0|0.0|0.0|0.0|0.0
1|0|0|0|1|0|-1|0|-1#0.0|0.0|0.377541221188|0.0|0.0|0.400717398079|0.0|0.0|0.0
1|1|-1|-1|0|1|1|-1|-1#0.0|0.0|0.0|0.0|0.377541221188|0.0|0.0|0.0|0.0
0|1|-1|1|-1|-1|0|0|1#0.369940278799|0.0|0.0|0.0|0.0|0.0|0.0|0.0|0.0
1|-1|1|0|1|-1|-1|0|0#0.0|0.0|0.0|0.377541221188|0.0|0.0|0.0|0.0|0.0
0|-1|0|-1|1|0|1|0|0#0.0|0.0|0.0|0.0|0.0|0.0|0.0|0.377541221188|0.0
0|1|-1|-1|0|0|1|-1|1#0.0|0.0|0.0|0.0|0.0|0.377541221188|0.0|0.0|0.0
0|1|1|0|-1|-1|1|-1|0#0.0|0.0|0.0|0.0|0.0|0.0|0.0|0.0|0.371755230309
-1|0|0|1|0|1|1|-1|-1#0.0|0.0|0.0|0.0|0.377541221188|0.0|0.0|0.0|0.0
-1|1|1|1|-1|-1|1|-1|0#0.0|0.0|0.0|0.0|0.0|0.0|0.0|0.0|0.377541221188
-1|-1|1|1|1|0|-1|1|-1#0.0|0.0|0.0|0.0|0.0|0.377541221188|0.0|0.0|0.0
0|0|1|0|-1|0|1|0|-1#0.0|0.0|0.0|0.3716676615|0.0|0.0|0.0|0.0|0.0
1|-1|1|1|0|-1|0|-1|0#0.0|0.0|0.0|0.0|0.0|0.0|0.0|0.0|0.378900587376
-1|0|-1|1|1|0|-1|1|0#0.0|0.377541221188|0.0|0.0|0.0|0.0|0.0|0.0|0.0
-1|-1|0|1|1|-1|1|0|0#0.0|0.0|0.0|0.0|0.0|0.0|0.0|0.0|0.377639052883
-1|1|-1|0|1|0|1|-1|0#0.0|0.0|0.0|0.0|0.0|0.377541221188|0.0|0.0|0.0
0|0|0|0|0|0|0|0|0#0.377541519166|0.0|0.0|0.36967268403|0.0|0.0|0.401491827265|0.0|0.0
0|0|0|1|0|1|0|-1|-1#0.0|0.0|0.0|0.0|0.377541221188|0.0|0.0|0.0|0.0
1|1|-1|0|-1|0|0|1|-1#0.0|0.0|0.0|0.402321866893|0.0|0.0|0.0|0.0|0.0
1|1|-1|-1|0|-1|-1|1|1#0.0|0.0|0.0|0.0|0.377541221188|0.0|0.0|0.0|0.0
0|1|1|1|-1|-1|-1|0|0#0.0|0.0|0.0|0.0|0.0|0.0|0.0|0.0|0.377541221188
-1|0|0|1|-1|-1|0|1|1#0.0|0.0|0.0|0.0|0.0|0.0|0.377541221188|0.0|0.0
0|-1|-1|0|1|0|1|1|-1#0.0|0.0|0.0|0.0|0.0|0.408272175154|0.0|0.0|0.0
0|0|1|0|-1|0|1|-1|0#0.0|0.378842892813|0.0|0.0|0.0|0.0|0.0|0.0|0.0
1|1|-1|0|0|0|0|0|-1#0.0|0.0|0.0|0.0|0.0|0.0|0.0|0.400847353147|0.0
1|-1|1|1|-1|0|0|0|-1#0.0|0.0|0.0|0.0|0.0|0.400567870845|0.0|0.0|0.0
1|-1|-1|1|0|0|0|1|-1#0.0|0.0|0.0|0.0|0.0|0.377541221188|0.0|0.0|0.0
1|-1|-1|0|0|0|1|-1|1#0.0|0.0|0.0|0.0|0.377541221188|0.0|0.0|0.0|0.0
1|1|-1|1|-1|-1|0|-1|1#0.0|0.0|0.0|0.0|0.0|0.0|0.377541221188|0.0|0.0
1|-1|0|0|0|-1|-1|1|1#0.0|0.0|0.0|0.377541221188|0.0|0.0|0.0|0.0|0.0
0|-1|-1|1|0|1|0|1|-1#0.0|0.0|0.0|0.0|0.0|0.0|0.370319600024|0.0|0.0
0|-1|-1|-1|1|0|1|0|1#0.0|0.0|0.0|0.0|0.0|0.0|0.0|0.377541221188|0.0
1|1|-1|-1|-1|1|1|-1|0#0.0|0.0|0.0|0.0|0.0|0.0|0.0|0.0|0.377541221188
-1|-1|0|-1|1|0|1|1|0#0.0|0.0|0.377541221188|0.0|0.0|0.0|0.0|0.0|0.0
-1|0|-1|0|1|0|1|0|0#0.0|0.377541221188|0.0|0.0|0.0|0.0|0.0|0.0|0.0
1|-1|0|1|-1|1|0|0|-1#0.0|0.0|0.0|0.0|0.0|0.0|0.377541221188|0.0|0.0
-1|1|0|0|1|-1|1|-1|0#0.0|0.0|0.377541221188|0.0|0.0|0.0|0.0|0.0|0.0
0|0|0|1|0|0|0|0|-1#0.0|0.0|0.0|0.0|0.0|0.370131006255|0.0|0.0|0.0
0|-1|1|1|-1|-1|-1|1|1#0.377541221188|0.0|0.0|0.0|0.0|0.0|0.0|0.0|0.0
0|0|0|0|0|-1|1|0|0#0.0|0.0|0.3771368559|0.0|0.0|0.0|0.0|0.0|0.0
1|1|0|1|0|-1|0|-1|-1#0.0|0.0|0.377541221188|0.0|0.0|0.0|0.0|0.0|0.0
-1|0|0|-1|1|0|1|-1|1#0.0|0.0|0.0|0.0|0.0|0.377541221188|0.0|0.0|0.0
-1|0|-1|1|0|1|0|1|-1#0.0|0.0|0.0|0.0|0.377541221188|0.0|0.0|0.0|0.0
-1|1|1|-1|0|-1|1|-1|1#0.0|0.0|0.0|0.0|0.377541221188|0.0|0.0|0.0|0.0
-1|1|-1|0|1|-1|1|0|0#0.0|0.0|0.0|0.0|0.0|0.0|0.0|0.377541221188|0.0
1|0|0|0|0|-1|0|0|0#0.0|0.377541221188|0.0|0.0|0.0|0.0|0.0|0.0|0.401077082205
-1|0|1|1|-1|-1|1|0|0#0.0|0.4022190976|0.0|0.0|0.0|0.0|0.0|0.0|0.0
-1|1|1|1|-1|-1|-1|1|0#0.0|0.0|0.0|0.0|0.0|0.0|0.0|0.0|0.377541221188
1|0|0|-1|0|0|1|0|-1#0.0|0.377541440416|0.0|0.0|0.0|0.0|0.0|0.0|0.0
