0|-1|-1|1|0|0|-1|1|0#0.402617324089|0.0|0.0|0.0|0.0|0.0|0.0|0.0|0.0
1|-1|-1|0|0|0|-1|0|1#0.0|0.0|0.0|0.0|0.377541221188|0.0|0.0|0.0|0.0
0|0|-1|1|-1|0|0|-1|1#0.0|0.0|0.0|0.0|0.0|0.402617324089|0.0|0.0|0.0
-1|-1|1|1|-1|0|-1|1|0#0.0|0.0|0.0|0.0|0.0|0.0|0.0|0.0|0.377541221188
-1|1|-1|-1|0|0|1|1|-1#0.0|0.0|0.0|0.0|0.0|0.402321866893|0.0|0.0|0.0
-1|1|-1|-1|-1|1|1|0|0#0.0|0.0|0.0|0.0|0.0|0.0|0.0|0.0|0.377541221188
-1|-1|0|-1|0|1|1|-1|1#0.0|0.0|0.377541221188|0.0|0.0|0.0|0.0|0.0|0.0
-1|0|0|1|0|0|-1|0|0#0.0|0.0|0.0|0.0|0.408697518656|0.0|0.0|0.0|0.0
1|-1|0|-1|0|0|0|0|0#0.0|0.0|0.0|0.0|0.0|0.0|0.0|0.402901194474|0.0
0|0|-1|0|0|0|0|1|-1#0.0|0.0|0.0|0.0|0.0|0.0|0.40298190166|0.0|0.0
0|0|0|-1|0|-1|0|0|1#0.0|0.0|0.0|0.0|0.377541221238|0.0|0.0|0.0|0.0
0|-1|-1|-1|1|1|-1|0|1#0.377541221188|0.0|0.0|0.0|0.0|0.0|0.0|0.0|0.0
-1|1|-1|-1|0|1|0|1|-1#0.0|0.0|0.0|0.0|0.0|0.0|0.402321866893|0.0|0.0
0|0|1|1|-1|0|-1|-1|0#0.0|0.0|0.0|0.0|0.0|0.0|0.0|0.0|0.402965590322
0|0|-1|1|-1|0|0|1|-1#0.0|0.402617324089|0.0|0.0|0.0|0.0|0.0|0.0|0.0
0|1|1|0|-1|0|-1|-1|0#0.0|0.0|0.0|0.0|0.0|0.379333872867|0.0|0.0|0.0
0|1|-1|0|0|0|-1|0|0#0.0|0.0|0.0|0.0|0.0|0.0|0.0|0.401160377921|0.0
1|0|-1|-1|0|0|0|-1|1#0.0|0.377517677478|0.0|0.0|0.0|0.0|0.0|0.0|0.0
0|-1|0|1|0|0|-1|1|-1#0.0|0.0|0.0|0.0|0.0|0.41010205617|0.0|0.0|0.0
-1|1|-1|1|1|0|-1|0|-1#0.0|0.0|0.0|0.0|0.0|0.0|0.0|0.377541221188|0.0
1|0|-1|-1|0|-1|1|0|0#0.0|0.402617324089|0.0|0.0|0.0|0.0|0.0|0.0|0.0
-1|0|0|1|1|0|-1|-1|0#0.0|0.402971508781|0.0|0.0|0.0|0.0|0.0|0.0|0.0
-1|0|-1|1|-1|-1|1|1|0#0.0|0.402321866893|0.0|0.0|0.0|0.0|0.0|0.0|0.0
1|-1|0|0|0|0|-1|0|0#0.0|0.0|0.0|0.0|0.0|0.0|0.0|0.0|0.369813546594
1|1|-1|-1|0|-1|1|-1|0#0.0|0.0|0.0|0.0|0.0|0.0|0.0|0.0|0.402321866893
1|0|0|-1|0|-1|1|-1|0#0.0|0.402617324089|0.0|0.0|0.0|0.0|0.0|0.0|0.0
-1|-1|0|0|1|0|0|1|-1#0.0|0.0|0.0|0.0|0.0|0.0|0.401244297721|0.0|0.0
-1|0|1|-1|0|0|0|0|0#0.0|0.0|0.0|0.0|0.0|0.0|0.0|0.403419885593|0.0
-1|1|0|1|1|-1|-1|0|-1#0.0|0.0|0.0|0.0|0.0|0.0|0.0|0.377541221188|0.0
-1|-1|0|0|1|0|-1|0|1#0.0|0.0|0.0|0.0|0.0|0.372010185769|0.0|0.0|0.0
-1|0|0|1|-1|0|-1|0|1#0.0|0.0|0.377541221188|0.0|0.0|0.0|0.0|0.0|0.0
-1|0|1|0|1|-1|-1|-1|1#0.0|0.0|0.0|0.377541221188|0.0|0.0|0.0|0.0|0.0
0|1|-1|-1|-1|0|0|0|1#0.0|0.0|0.0|0.0|0.0|0.0|0.0|0.402617324089|0.0
0|0|0|0|0|-1|0|1|-1#0.369814926053|0.0|0.0|0.0|0.0|0.0|0.0|0.0|0.0
0|1|0|0|0|-1|-1|0|0#0.0|0.0|0.0|0.0|0.0|0.0|0.0|0.378861652976|0.0
-1|1|0|0|-1|1|-1|-1|1#0.0|0.0|0.0|0.402321866893|0.0|0.0|0.0|0.0|0.0
-1|0|0|0|0|1|0|-1|0#0.0|0.0|0.0|0.0|0.0|0.0|0.377524009209|0.0|0.0
-1|0|-1|-1|0|0|1|0|1#0.0|0.377541221188|0.0|0.0|0.0|0.0|0.0|0.0|0.0
-1|0|-1|1|0|-1|0|0|1#0.0|0.0|0.0|0.0|0.0|0.0|0.0|0.402617324089|0.0
0|-1|0|-1|0|0|-1|1|1#0.0|0.0|0.0|0.0|0.0|0.369925755042|0.0|0.0|0.0
0|1|0|1|-1|-1|-1|1|-1#0.0|0.0|0.402321866893|0.0|0.0|0.0|0.0|0.0|0.0
1|-1|-1|-1|1|-1|0|1|0#0.0|0.0|0.0|0.0|0.0|0.0|0.402321866893|0.0|0.0
0|1|-1|-1|1|0|-1|0|0#0.0|0.0|0.0|0.0|0.0|0.0|0.0|0.0|0.402533244541
-1|-1|1|1|1|-1|-1|0|0#0.0|0.0|0.0|0.0|0.0|0.0|0.0|0.0|0.377541221188
0|-1|-1|0|1|1|0|0|-1#0.0|0.0|0.0|0.0|0.0|0.0|0.402539000832|0.0|0.0
0|-1|0|0|0|-1|0|0|1#0.371925941318|0.0|0.0|0.0|0.0|0.0|0.0|0.0|0.0
1|-1|0|-1|0|1|-1|-1|1#0.0|0.0|0.0|0.0|0.377541221188|0.0|0.0|0.0|0.0
1|0|-1|-1|-1|0|1|0|0#0.0|0.0|0.0|0.0|0.0|0.408253436487|0.0|0.0|0.0
-1|1|0|-1|1|-1|0|-1|1#0.0|0.0|0.402321866893|0.0|0.0|0.0|0.0|0.0|0.0
0|0|-1|0|0|1|0|-1|0#0.0|0.401057628447|0.0|0.0|0.0|0.0|0.0|0.0|0.0
-1|0|0|-1|0|1|1|-1|0#0.0|0.0|0.0|0.0|0.377541221188|0.0|0.0|0.0|0.0
0|-1|-1|-1|0|1|1|-1|1#0.0|0.0|0.0|0.0|0.402321866893|0.0|0.0|0.0|0.0
1|0|-1|-1|-1|1|0|-1|1#0.0|0.402321866893|0.0|0.0|0.0|0.0|0.0|0.0|0.0
1|-1|0|-1|1|-1|-1|1|0#0.0|0.0|0.0|0.0|0.0|0.0|0.0|0.0|0.377541221188
-1|0|0|1|1|-1|-1|1|-1#0.0|0.377541221188|0.0|0.0|0.0|0.0|0.0|0.0|0.0
-1|0|0|0|0|0|1|-1|0#0.0|0.0|0.0|0.410988212576|0.0|0.0|0.0|0.0|0.0
0|1|1|-1|-1|0|-1|0|0#0.377541221188|0.0|0.0|0.0|0.0|0.0|0.0|0.0|0.0
0|-1|1|-1|0|0|-1|0|1#0.0|0.0|0.0|0.0|0.0|0.377541221188|0.0|0.0|0.0
0|1|-1|0|0|1|-1|-1|0#0.0|0.0|0.0|0.402617324089|0.0|0.0|0.0|0.0|0.0
0|1|0|1|-1|0|-1|0|-1#0.0|0.0|0.0|0.0|0.0|0.0|0.0|0.402617324089|0.0
1|1|-1|0|-1|1|0|-1|-1#0.0|0.0|0.0|0.402321866893|0.0|0.0|0.0|0.0|0.0
1|-1|0|-1|-1|0|1|0|0#0.0|0.0|0.0|0.0|0.0|0.0|0.0|0.0|0.402617324089
-1|0|-1|1|1|-1|0|-1|1#0.0|0.0|0.0|0.0|0.0|0.0|0.402321866893|0.0|0.0
0|0|0|0|0|1|0|-1|-1#0.0|0.0|0.401160314336|0.0|0.0|0.0|0.0|0.0|0.0
-1|0|0|0|0|1|-1|0|0#0.0|0.0|0.371930468077|0.0|0.0|0.0|0.0|0.0|0.0
0|-1|0|0|-1|0|0|0|1#0.0|0.0|0.0|0.0|0.0|0.0|0.369813862473|0.0|0.0
1|0|1|-1|-1|0|1|-1|-1#0.0|0.0|0.0|0.0|0.0|0.402321866893|0.0|0.0|0.0
0|0|0|1|0|-1|-1|-1|1#0.378940612589|0.0|0.0|0.0|0.0|0.0|0.0|0.0|0.0
-1|0|1|0|-1|-1|0|0|1#0.0|0.0|0.0|0.0|0.0|0.0|0.379327229308|0.0|0.0
1|0|0|0|-1|-1|-1|1|0#0.0|0.0|0.0|0.408741515116|0.0|0.0|0.0|0.0|0.0
-1|0|-1|0|1|-1|-1|1|1#0.0|0.0|0.0|0.402321866893|0.0|0.0|0.0|0.0|0.0
1|0|0|0|-1|0|-1|0|0#0.0|0.0|0.377539975272|0.0|0.0|0.0|0.0|0.0|0.40298190166
0|-1|0|-1|-1|1|1|1|-1#0.377541221188|0.0|0.0|0.0|0.0|0.0|0.0|0.0|0.0
-1|0|0|1|0|-1|0|-1|1#0.0|0.0|0.377519296432|0.0|0.0|0.0|0.0|0.0|0.0
-1|0|-1|1|0|-1|-1|1|1#0.0|0.0|0.0|0.0|0.402321866893|0.0|0.0|0.0|0.0
-1|0|0|1|-1|1|-1|0|0#0.0|0.402617324089|0.0|0.0|0.0|0.0|0.0|0.0|0.0
1|0|-1|-1|-1|1|1|-1|0#0.0|0.377541221188|0.0|0.0|0.0|0.0|0.0|0.0|0.0
-1|1|-1|-1|0|1|1|-1|0#0.0|0.0|0.0|0.0|0.0|0.0|0.0|0.0|0.377541221188
-1|1|0|0|1|-1|-1|0|0#0.0|0.0|0.402513168497|0.0|0.0|0.0|0.0|0.0|0.0
-1|1|0|-1|-1|0|1|0|0#0.0|0.0|0.0|0.0|0.0|0.0|0.0|0.402617324089|0.0
0|-1|0|-1|-1|1|1|0|0#0.0|0.0|0.379357279587|0.0|0.0|0.0|0.0|0.0|0.0
1|-1|0|0|0|0|-1|-1|1#0.0|0.0|0.0|0.0|0.377541221188|0.0|0.0|0.0|0.0
-1|0|-1|1|0|0|1|-1|0#0.0|0.0|0.0|0.0|0.410529960941|0.0|0.0|0.0|0.0
1|0|-1|0|0|0|-1|-1|1#0.0|0.0|0.0|0.378922776242|0.0|0.0|0.0|0.0|0.0
-1|-1|0|0|0|1|-1|1|0#0.0|0.0|0.402616976668|0.0|0.0|0.0|0.0|0.0|0.0
1|-1|-1|1|-1|0|0|1|-1#0.0|0.0|0.0|0.0|0.0|0.0|0.377541221188|0.0|0.0
1|-1|1|-1|-1|0|-1|0|1#0.0|0.0|0.0|0.0|0.0|0.0|0.0|0.402321866893|0.0
0|-1|-1|1|1|0|-1|-1|1#0.377541221188|0.0|0.0|0.0|0.0|0.0|0.0|0.0|0.0
-1|0|-1|1|1|-1|-1|1|0#0.0|0.377541221188|0.0|0.0|0.0|0.0|0.0|0.0|0.0
-1|1|0|0|0|0|-1|0|0#0.0|0.0|0.0|0.0|0.0|0.0|0.0|0.379376592716|0.0
0|-1|0|-1|-1|0|0|1|1#0.372079725311|0.0|0.0|0.0|0.0|0.0|0.0|0.0|0.0
-1|0|0|-1|-1|1|1|0|0#0.0|0.0|0.0|0.0|0.0|0.0|0.0|0.0|0.377541221188
0|-1|-1|1|1|-1|-1|1|0#0.0|0.0|0.0|0.0|0.0|0.0|0.0|0.0|0.402321866893
0|0|-1|1|0|-1|0|-1|1#0.0|0.0|0.0|0.0|0.0|0.0|0.377541221188|0.0|0.0
0|-1|1|1|0|-1|-1|1|-1#0.377541221188|0.0|0.0|0.0|0.0|0.0|0.0|0.0|0.0
-1|0|1|-1|0|-1|0|1|0#0.0|0.0|0.0|0.0|0.0|0.0|0.377546463148|0.0|0.0
1|1|0|-1|-1|1|-1|0|-1#0.0|0.0|0.377541221188|0.0|0.0|0.0|0.0|0.0|0.0
0|0|0|-1|0|0|0|0|0#0.377541217321|0.0|0.369594830225|0.0|0.0|0.0|0.0|0.0|0.377638915948
1|0|-1|-1|0|-1|1|-1|1#0.0|0.0|0.0|0.0|0.377541221188|0.0|0.0|0.0|0.0
1|0|0|-1|1|-1|0|-1|0#0.0|0.0|0.0|0.0|0.0|0.0|0.0|0.0|0.377541221188
-1|-1|1|1|-1|1|-1|0|0#0.0|0.0|0.0|0.0|0.0|0.0|0.0|0.402321866893|0.0
1|-1|-1|-1|0|0|1|0|0#0.0|0.0|0.0|0.0|0.402513486646|0.0|0.0|0.0|0.0
-1|0|1|0|0|1|0|-1|-1#0.0|0.402617324089|0.0|0.0|0.0|0.0|0.0|0.0|0.0
-1|1|-1|0|-1|1|0|-1|1#0.0|0.0|0.0|0.402321866893|0.0|0.0|0.0|0.0|0.0
1|0|0|0|-1|1|-1|-1|0#0.0|0.0|0.0|0.0|0.0|0.0|0.0|0.0|0.369919029808
1|1|-1|-1|0|-1|-1|1|0#0.0|0.0|0.0|0.0|0.0|0.0|0.0|0.0|0.402321866893
0|-1|-1|0|1|-1|-1|1|1#0.377541221188|0.0|0.0|0.0|0.0|0.0|0.0|0.0|0.0
-1|1|1|-1|0|-1|1|0|-1#0.0|0.0|0.0|0.0|0.0|0.0|0.0|0.402321866893|0.0
0|-1|1|-1|-1|0|0|0|1#0.0|0.0|0.0|0.0|0.0|0.0|0.0|0.402539250458|0.0
0|0|-1|1|0|1|-1|-1|0#0.370356851486|0.0|0.0|0.0|0.0|0.0|0.0|0.0|0.0
0|0|1|-1|-1|0|0|-1|1#0.0|0.0|0.0|0.0|0.0|0.377541221188|0.0|0.0|0.0
-1|0|0|1|0|-1|1|0|-1#0.0|0.0|0.0|0.0|0.402617324089|0.0|0.0|0.0|0.0
0|-1|0|0|-1|1|0|0|0#0.0|0.0|0.403421305731|0.0|0.0|0.0|0.0|0.0|0.0
0|-1|1|0|-1|1|-1|0|0#0.401164046865|0.0|0.0|0.0|0.0|0.0|0.0|0.0|0.0
0|1|-1|-1|-1|0|1|1|-1#0.402321866893|0.0|0.0|0.0|0.0|0.0|0.0|0.0|0.0
0|0|0|0|0|-1|0|-1|1#0.0|0.0|0.0|0.409117353117|0.0|0.0|0.0|0.0|0.0
0|-1|0|1|1|-1|-1|0|0#0.0|0.0|0.377541221188|0.0|0.0|0.0|0.0|0.0|0.0
0|0|1|-1|0|-1|0|-1|1#0.402618830077|0.0|0.0|0.0|0.0|0.0|0.0|0.0|0.0
-1|0|1|0|0|1|-1|0|-1#0.0|0.0|0.0|0.402617324089|0.0|0.0|0.0|0.0|0.0
-1|1|-1|-1|0|1|0|-1|1#0.0|0.0|0.0|0.0|0.402321866893|0.0|0.0|0.0|0.0
0|-1|1|-1|-1|1|1|0|-1#0.0|0.0|0.0|0.0|0.0|0.0|0.0|0.402321866893|0.0
-1|-1|1|-1|-1|1|1|0|0#0.0|0.0|0.0|0.0|0.0|0.0|0.0|0.0|0.377541221188
0|-1|1|-1|1|0|-1|-1|1#0.0|0.0|0.0|0.0|0.0|0.377541221188|0.0|0.0|0.0
0|1|-1|1|0|0|0|-1|-1#0.0|0.0|0.0|0.0|0.371690836321|0.0|0.0|0.0|0.0
1|0|0|-1|-1|1|-1|1|-1#0.0|0.402321866893|0.0|0.0|0.0|0.0|0.0|0.0|0.0
-1|1|-1|0|1|-1|0|0|0#0.0|0.0|0.0|0.402642374647|0.0|0.0|0.0|0.0|0.0
0|-1|-1|0|1|-1|0|0|1#0.377541221188|0.0|0.0|0.0|0.0|0.0|0.0|0.0|0.0
-1|0|-1|0|1|1|1|-1|-1#0.0|0.0|0.0|0.377541221188|0.0|0.0|0.0|0.0|0.0
1|-1|0|-1|1|0|0|-1|0#0.0|0.0|0.0|0.0|0.0|0.0|0.0|0.0|0.377541221188
0|-1|-1|1|0|0|0|-1|1#0.370333759263|0.0|0.0|0.0|0.0|0.0|0.0|0.0|0.0
1|0|-1|-1|1|0|0|-1|0#0.0|0.0|0.0|0.0|0.0|0.0|0.0|0.0|0.377541221188
1|-1|-1|1|1|0|-1|0|-1#0.0|0.0|0.0|0.0|0.0|0.0|0.0|0.402321866893|0.0
-1|0|0|1|0|-1|1|-1|0#0.0|0.377144257179|0.0|0.0|0.0|0.0|0.0|0.0|0.0
-1|1|-1|0|0|1|-1|-1|1#0.0|0.0|0.0|0.0|0.402321866893|0.0|0.0|0.0|0.0
0|-1|-1|0|1|1|1|-1|-1#0.0|0.0|0.0|0.377541221188|0.0|0.0|0.0|0.0|0.0
0|-1|0|1|-1|-1|0|0|1#0.0|0.0|0.408736829669|0.0|0.0|0.0|0.0|0.0|0.0
0|0|-1|-1|1|0|-1|0|1#0.0|0.369827483173|0.0|0.0|0.0|0.0|0.0|0.0|0.0
1|1|0|-1|1|-1|-1|-1|0#0.0|0.0|0.377541221188|0.0|0.0|0.0|0.0|0.0|0.0
1|-1|0|-1|0|0|0|1|-1#0.0|0.0|0.0|0.0|0.0|0.377541221188|0.0|0.0|0.0
-1|-1|1|-1|-1|1|0|1|0#0.0|0.0|0.0|0.0|0.0|0.0|0.402321866893|0.0|0.0
-1|0|-1|-1|0|1|0|1|0#0.0|0.0|0.0|0.0|0.402617324089|0.0|0.0|0.0|0.0
-1|0|-1|1|0|-1|0|1|0#0.0|0.0|0.0|0.0|0.0|0.0|0.0|0.0|0.402617324089
0|-1|0|1|0|0|-1|0|0#0.0|0.0|0.0|0.0|0.0|0.0|0.0|0.0|0.402876531758
0|-1|0|0|0|0|0|1|-1#0.0|0.0|0.0|0.0|0.378838053859|0.0|0.0|0.0|0.0
1|1|0|-1|0|-1|-1|1|-1#0.0|0.0|0.377541221188|0.0|0.0|0.0|0.0|0.0|0.0
1|-1|0|-1|0|0|0|-1|1#0.0|0.0|0.0|0.0|0.377541221188|0.0|0.0|0.0|0.0
0|-1|1|0|0|1|0|-1|-1#0.0|0.0|0.0|0.0|0.372080123315|0.0|0.0|0.0|0.0
-1|1|-1|1|1|-1|-1|0|0#0.0|0.0|0.0|0.0|0.0|0.0|0.0|0.377541221188|0.0
1|-1|0|1|-1|0|-1|1|-1#0.0|0.0|0.377541221188|0.0|0.0|0.0|0.0|0.0|0.0
-1|1|-1|0|0|1|0|-1|0#0.0|0.0|0.0|0.0|0.0|0.0|0.0|0.0|0.402617324089
0|1|1|-1|0|0|-1|0|-1#0.0|0.0|0.0|0.0|0.402513589142|0.0|0.0|0.0|0.0
-1|1|-1|1|0|0|-1|1|-1#0.0|0.0|0.0|0.0|0.0|0.402321866893|0.0|0.0|0.0
0|0|0|1|-1|0|-1|0|0#0.0|0.0|0.40298190166|0.0|0.0|0.0|0.0|0.0|0.0
1|0|-1|-1|1|1|-1|0|-1#0.0|0.402321866893|0.0|0.0|0.0|0.0|0.0|0.0|0.0
-1|-1|0|-1|0|1|1|1|-1#0.0|0.0|0.0|0.0|0.402321866893|0.0|0.0|0.0|0.0
0|0|1|-1|0|-1|-1|0|1#0.0|0.0|0.0|0.0|0.0|0.0|0.0|0.402617324089|0.0
-1|0|0|1|-1|1|0|-1|0#0.0|0.0|0.0|0.0|0.0|0.0|0.0|0.0|0.401245660349
0|-1|0|0|0|1|-1|0|0#0.0|0.0|0.0|0.0|0.0|0.0|0.0|0.0|0.410583431836
1|-1|0|1|-1|-1|-1|1|0#0.0|0.0|0.377541221188|0.0|0.0|0.0|0.0|0.0|0.0
0|1|-1|0|-1|0|0|-1|1#0.0|0.0|0.0|0.372085384722|0.0|0.0|0.0|0.0|0.0
-1|0|0|0|1|0|-1|-1|1#0.0|0.0|0.0|0.377541221188|0.0|0.0|0.0|0.0|0.0
1|0|-1|0|-1|1|1|-1|-1#0.0|0.0|0.0|0.377541221188|0.0|0.0|0.0|0.0|0.0
1|-1|1|-1|0|0|-1|1|-1#0.0|0.0|0.0|0.0|0.0|0.377541221188|0.0|0.0|0.0
1|0|-1|1|-1|0|0|0|-1#0.0|0.0|0.0|0.0|0.0|0.0|0.0|0.409976019455|0.0
0|1|1|-1|-1|1|0|-1|-1#0.377541221188|0.0|0.0|0.0|0.0|0.0|0.0|0.0|0.0
1|1|0|0|0|-1|-1|0|-1#0.0|0.0|0.0|0.402617324089|0.0|0.0|0.0|0.0|0.0
0|-1|-1|1|0|0|0|0|0#0.0|0.0|0.0|0.0|0.371503143919|0.0|0.0|0.0|0.0
0|0|0|-1|0|0|-1|0|1#0.0|0.0|0.0|0.0|0.0|0.0|0.0|0.402975777012|0.0
0|1|0|0|-1|-1|-1|1|0#0.0|0.0|0.0|0.0|0.0|0.0|0.0|0.0|0.402617324089
-1|1|-1|0|0|-1|0|0|1#0.0|0.0|0.0|0.377541221188|0.0|0.0|0.0|0.0|0.0
0|-1|-1|1|0|-1|-1|1|1#0.0|0.0|0.0|0.0|0.402321866893|0.0|0.0|0.0|0.0
-1|1|-1|0|1|0|-1|-1|1#0.0|0.0|0.0|0.0|0.0|0.402321866893|0.0|0.0|0.0
-1|-1|0|0|0|0|1|1|-1#0.0|0.0|0.0|0.0|0.379237801125|0.0|0.0|0.0|0.0
-1|0|-1|1|0|0|0|0|0#0.0|0.0|0.0|0.0|0.0|0.0|0.0|0.0|0.402876448647
-1|1|0|1|-1|1|-1|-1|0#0.0|0.0|0.0|0.0|0.0|0.0|0.0|0.0|0.402321866893
-1|0|0|0|0|0|-1|0|1#0.0|0.402975797812|0.0|0.377541221188|0.0|0.0|0.0|0.0|0.0
0|1|0|-1|1|-1|-1|-1|1#0.377541221188|0.0|0.0|0.0|0.0|0.0|0.0|0.0|0.0
-1|-1|0|1|1|-1|1|0|-1#0.0|0.0|0.0|0.0|0.0|0.0|0.0|0.402321866893|0.0
1|-1|0|-1|1|0|-1|1|-1#0.0|0.0|0.0|0.0|0.0|0.377541221188|0.0|0.0|0.0
-1|1|-1|1|-1|-1|0|0|1#0.0|0.0|0.0|0.0|0.0|0.0|0.377541221188|0.0|0.0
-1|-1|1|1|0|-1|1|0|-1#0.0|0.0|0.0|0.0|0.377541221188|0.0|0.0|0.0|0.0
0|-1|1|-1|0|0|0|0|0#0.0|0.0|0.0|0.0|0.0|0.0|0.0|0.0|0.401583279804
-1|1|-1|1|0|0|-1|-1|1#0.0|0.0|0.0|0.0|0.0|0.402321866893|0.0|0.0|0.0
1|-1|-1|-1|0|1|0|-1|1#0.0|0.0|0.0|0.0|0.0|0.0|0.402321866893|0.0|0.0
0|0|1|-1|0|1|-1|-1|0#0.0|0.371666568552|0.0|0.0|0.0|0.0|0.0|0.0|0.0
0|-1|-1|1|1|-1|1|-1|0#0.0|0.0|0.0|0.0|0.0|0.0|0.0|0.0|0.402321866893
1|0|1|0|-1|-1|-1|-1|1#0.0|0.0|0.0|0.402321866893|0.0|0.0|0.0|0.0|0.0
1|-1|1|-1|0|-1|0|-1|1#0.0|0.0|0.0|0.0|0.0|0.0|0.402321866893|0.0|0.0
1|-1|0|0|0|-1|-1|0|1#0.0|0.0|0.0|0.0|0.0|0.0|0.0|0.408329174814|0.0
1|-1|0|0|-1|-1|-1|1|1#0.0|0.0|0.402321866893|0.0|0.0|0.0|0.0|0.0|0.0
-1|1|1|1|0|-1|0|-1|-1#0.0|0.0|0.0|0.0|0.402321866893|0.0|0.0|0.0|0.0
1|0|0|-1|1|-1|-1|1|-1#0.0|0.377541221188|0.0|0.0|0.0|0.0|0.0|0.0|0.0
-1|0|1|1|-1|0|-1|0|0#0.0|0.0|0.0|0.0|0.0|0.402617324089|0.0|0.0|0.0
0|0|0|1|-1|-1|0|-1|1#0.0|0.0|0.0|0.0|0.0|0.0|0.408644633786|0.0|0.0
0|0|-1|0|1|-1|-1|0|1#0.0|0.0|0.0|0.0|0.0|0.0|0.0|0.377541218346|0.0
-1|1|0|-1|-1|1|0|-1|1#0.0|0.0|0.377541221188|0.0|0.0|0.0|0.0|0.0|0.0
-1|1|1|0|-1|-1|-1|0|1#0.0|0.0|0.0|0.377541221188|0.0|0.0|0.0|0.0|0.0
0|-1|0|-1|-1|1|-1|1|1#0.0|0.0|0.377541221188|0.0|0.0|0.0|0.0|0.0|0.0
-1|-1|0|1|-1|0|-1|1|1#0.0|0.0|0.377541221188|0.0|0.0|0.0|0.0|0.0|0.0
-1|0|-1|1|0|0|1|0|-1#0.0|0.0|0.0|0.0|0.0|0.0|0.0|0.402617324089|0.0
0|1|-1|-1|0|0|-1|1|0#0.402507651008|0.0|0.0|0.0|0.0|0.0|0.0|0.0|0.0
1|-1|0|-1|0|0|-1|1|0#0.0|0.0|0.371987368818|0.0|0.0|0.0|0.0|0.0|0.0
1|0|0|-1|-1|0|1|-1|0#0.0|0.0|0.0|0.0|0.0|0.377216265653|0.0|0.0|0.0
0|0|0|1|0|0|-1|0|-1#0.0|0.0|0.0|0.0|0.0|0.0|0.0|0.378968255123|0.0
0|0|-1|1|0|0|-1|0|0#0.0|0.0|0.0|0.0|0.0|0.0|0.0|0.40298190166|0.0
1|0|1|-1|-1|0|-1|1|-1#0.0|0.377541221188|0.0|0.0|0.0|0.0|0.0|0.0|0.0
0|0|0|0|0|0|-1|1|-1#0.0|0.0|0.0|0.40115997018|0.0|0.0|0.0|0.0|0.0
-1|0|-1|0|-1|0|1|0|1#0.0|0.0|0.0|0.0|0.0|0.402617324089|0.0|0.0|0.0
0|0|0|-1|0|-1|-1|1|1#0.408640140808|0.0|0.0|0.0|0.0|0.0|0.0|0.0|0.0
1|1|-1|-1|1|0|-1|0|-1#0.0|0.0|0.0|0.0|0.0|0.0|0.0|0.377541221188|0.0
-1|0|0|1|0|-1|-1|0|1#0.0|0.0|0.0|0.0|0.369850835284|0.0|0.0|0.0|0.0
1|-1|-1|-1|0|1|0|1|-1#0.0|0.0|0.0|0.0|0.377541221188|0.0|0.0|0.0|0.0
-1|0|0|-1|0|0|1|1|-1#0.0|0.0|0.0|0.0|0.0|0.402617324089|0.0|0.0|0.0
-1|-1|0|0|1|-1|-1|1|1#0.0|0.0|0.0|0.402321866893|0.0|0.0|0.0|0.0|0.0
-1|0|1|1|0|-1|-1|1|-1#0.0|0.402321866893|0.0|0.0|0.0|0.0|0.0|0.0|0.0
0|-1|1|1|1|-1|-1|0|-1#0.0|0.0|0.0|0.0|0.0|0.0|0.0|0.377541221188|0.0
-1|0|0|1|-1|-1|0|0|1#0.0|0.377541221188|0.0|0.0|0.0|0.0|0.0|0.0|0.0
1|-1|-1|1|-1|-1|0|1|0#0.0|0.0|0.0|0.0|0.0|0.0|0.0|0.0|0.402321866893
-1|-1|1|0|-1|-1|1|0|1#0.0|0.0|0.0|0.0|0.0|0.0|0.0|0.377541221188|0.0
-1|1|0|0|0|-1|-1|0|1#0.0|0.0|0.402617324089|0.0|0.0|0.0|0.0|0.0|0.0
-1|0|0|0|-1|0|1|-1|1#0.0|0.0|0.402617324089|0.0|0.0|0.0|0.0|0.0|0.0
-1|-1|0|1|1|-1|0|1|-1#0.0|0.0|0.0|0.0|0.0|0.0|0.402321866893|0.0|0.0
0|-1|-1|1|0|-1|0|1|0#0.0|0.0|0.0|0.0|0.402617324089|0.0|0.0|0.0|0.0
0|-1|1|0|0|-1|-1|0|1#0.0|0.0|0.0|0.377541221188|0.0|0.0|0.0|0.0|0.0
-1|1|1|0|0|-1|-1|-1|1#0.0|0.0|0.0|0.0|0.402321866893|0.0|0.0|0.0|0.0
1|0|0|-1|-1|0|0|0|0#0.0|0.0|0.0|0.0|0.0|0.0|0.401581921792|0.0|0.0
1|0|0|-1|1|0|0|-1|-1#0.0|0.0|0.0|0.0|0.0|0.0|0.378916806849|0.0|0.0
1|1|-1|-1|-1|0|0|-1|1#0.0|0.0|0.0|0.0|0.0|0.402321866893|0.0|0.0|0.0
0|-1|-1|0|1|1|-1|0|0#0.0|0.0|0.0|0.0|0.0|0.0|0.0|0.402618748946|0.0
1|1|0|-1|0|-1|-1|-1|1#0.0|0.0|0.377541221188|0.0|0.0|0.0|0.0|0.0|0.0
-1|-1|0|1|1|0|-1|0|0#0.0|0.0|0.0|0.0|0.0|0.377541221188|0.0|0.0|0.0
0|0|1|-1|0|1|0|-1|-1#0.0|0.0|0.0|0.0|0.0|0.0|0.402617324089|0.0|0.0
-1|0|0|-1|0|0|1|0|0#0.0|0.0|0.0|0.0|0.0|0.377109693254|0.0|0.0|0.0
1|-1|-1|1|0|0|-1|1|-1#0.0|0.0|0.0|0.0|0.402321866893|0.0|0.0|0.0|0.0
1|1|-1|-1|1|0|-1|-1|0#0.0|0.0|0.0|0.0|0.0|0.0|0.0|0.0|0.377541221188
-1|0|-1|0|1|-1|1|-1|1#0.0|0.377541221188|0.0|0.0|0.0|0.0|0.0|0.0|0.0
-1|1|-1|-1|-1|0|0|1|1#0.0|0.0|0.0|0.0|0.0|0.402321866893|0.0|0.0|0.0
1|0|0|-1|-1|0|1|0|-1#0.0|0.0|0.402617324089|0.0|0.0|0.0|0.0|0.0|0.0
1|1|0|-1|0|-1|1|-1|-1#0.0|0.0|0.0|0.0|0.402321866893|0.0|0.0|0.0|0.0
0|0|-1|1|1|-1|-1|-1|1#0.377541221188|0.0|0.0|0.0|0.0|0.0|0.0|0.0|0.0
-1|0|0|-1|1|0|0|1|-1#0.0|0.0|0.0|0.0|0.0|0.402617324089|0.0|0.0|0.0
-1|-1|0|1|1|-1|1|-1|0#0.0|0.0|0.0|0.0|0.0|0.0|0.0|0.0|0.402321866893
-1|0|-1|1|0|0|-1|1|0#0.0|0.0|0.0|0.0|0.0|0.0|0.0|0.0|0.402617324089
-1|-1|0|-1|0|0|1|0|1#0.0|0.0|0.0|0.0|0.408353060133|0.0|0.0|0.0|0.0
0|0|0|0|0|0|0|-1|0#0.0|0.0|0.0|0.0|0.0|0.411065281749|0.0|0.0|0.0
0|1|0|-1|0|-1|-1|1|0#0.379357205816|0.0|0.0|0.0|0.0|0.0|0.0|0.0|0.0
0|0|1|1|-1|-1|-1|0|0#0.401145318535|0.0|0.0|0.0|0.0|0.0|0.0|0.0|0.0
-1|-1|0|-1|1|0|1|1|-1#0.0|0.0|0.0|0.0|0.0|0.402321866893|0.0|0.0|0.0
0|0|0|-1|-1|0|-1|1|1#0.0|0.0|0.0|0.0|0.0|0.4029715098|0.0|0.0|0.0
0|-1|-1|1|0|-1|1|-1|1#0.377541221188|0.0|0.0|0.0|0.0|0.0|0.0|0.0|0.0
-1|0|-1|0|0|0|1|-1|1#0.0|0.0|0.0|0.403049068942|0.0|0.0|0.0|0.0|0.0
-1|0|1|0|0|-1|-1|0|1#0.0|0.402642034682|0.0|0.0|0.0|0.0|0.0|0.0|0.0
1|-1|1|0|-1|-1|-1|0|1#0.0|0.0|0.0|0.402321866893|0.0|0.0|0.0|0.0|0.0
1|-1|-1|-1|-1|0|1|0|1#0.0|0.0|0.0|0.0|0.0|0.402321866893|0.0|0.0|0.0
1|-1|-1|-1|1|0|1|-1|0#0.0|0.0|0.0|0.0|0.0|0.377541221188|0.0|0.0|0.0
-1|1|1|1|0|-1|-1|0|-1#0.0|0.0|0.0|0.0|0.402321866893|0.0|0.0|0.0|0.0
-1|1|-1|0|0|0|0|-1|1#0.0|0.0|0.0|0.371686222282|0.0|0.0|0.0|0.0|0.0
1|0|0|-1|0|1|-1|-1|0#0.0|0.0|0.0|0.0|0.0|0.0|0.0|0.0|0.377541221188
0|-1|1|-1|-1|1|0|0|0#0.0|0.0|0.0|0.0|0.0|0.0|0.0|0.0|0.377541221188
0|0|0|0|-1|-1|1|-1|1#0.0|0.408736902909|0.0|0.0|0.0|0.0|0.0|0.0|0.0
-1|1|-1|1|1|0|0|-1|-1#0.0|0.0|0.0|0.0|0.0|0.377541221188|0.0|0.0|0.0
0|-1|-1|1|1|-1|0|-1|1#0.377541221188|0.0|0.0|0.0|0.0|0.0|0.0|0.0|0.0
0|0|0|-1|-1|0|0|0|1#0.0|0.0|0.0|0.0|0.0|0.0|0.0|0.401606296772|0.0
-1|-1|0|1|-1|1|0|0|0#0.0|0.0|0.0|0.0|0.0|0.0|0.0|0.402617324089|0.0
0|-1|-1|-1|0|1|1|0|0#0.0|0.0|0.0|0.0|0.0|0.0|0.0|0.369850619122|0.0
1|-1|0|-1|0|1|-1|0|0#0.0|0.0|0.377138616176|0.0|0.0|0.0|0.0|0.0|0.0
1|0|-1|1|-1|-1|0|0|0#0.0|0.0|0.0|0.0|0.0|0.0|0.0|0.402617324089|0.0
-1|0|-1|-1|1|0|1|-1|1#0.0|0.377541221188|0.0|0.0|0.0|0.0|0.0|0.0|0.0
1|0|-1|-1|0|0|0|1|-1#0.0|0.0|0.0|0.0|0.378847362879|0.0|0.0|0.0|0.0
-1|0|0|0|0|-1|1|1|-1#0.0|0.371690836321|0.0|0.0|0.0|0.0|0.0|0.0|0.0
1|0|0|0|0|0|-1|-1|0#0.0|0.0|0.0|0.0|0.0|0.408697535798|0.0|0.0|0.0
-1|0|0|0|0|0|0|0|0#0.0|0.4034576586|0.0|0.0|0.0|0.403897653162|0.403872279659|0.0|0.401571726954
1|-1|1|-1|0|-1|-1|0|1#0.0|0.0|0.0|0.0|0.0|0.0|0.0|0.402321866893|0.0
1|1|-1|-1|0|1|-1|0|-1#0.0|0.0|0.0|0.0|0.402321866893|0.0|0.0|0.0|0.0
-1|1|-1|1|0|-1|-1|1|0#0.0|0.0|0.0|0.0|0.0|0.0|0.0|0.0|0.402321866893
1|0|0|-1|0|-1|1|0|-1#0.0|0.402617324089|0.0|0.0|0.0|0.0|0.0|0.0|0.0
-1|1|0|-1|-1|1|0|0|0#0.0|0.0|0.0|0.0|0.0|0.0|0.0|0.0|0.410500218703
1|0|-1|0|-1|1|0|-1|0#0.0|0.408224212105|0.0|0.0|0.0|0.0|0.0|0.0|0.0
0|-1|0|-1|1|1|1|-1|-1#0.377541221188|0.0|0.0|0.0|0.0|0.0|0.0|0.0|0.0
-1|0|1|-1|-1|0|0|1|0#0.0|0.0|0.0|0.0|0.0|0.0|0.0|0.0|0.402612807717
-1|0|1|-1|-1|1|1|-1|0#0.0|0.0|0.0|0.0|0.0|0.0|0.0|0.0|0.377541221188
1|1|-1|-1|0|-1|0|-1|1#0.0|0.0|0.0|0.0|0.377541221188|0.0|0.0|0.0|0.0
0|1|-1|-1|0|1|0|-1|0#0.0|0.0|0.0|0.0|0.0|0.0|0.0|0.0|0.402617324089
0|0|-1|0|-1|0|0|0|1#0.0|0.40298302529|0.0|0.0|0.0|0.0|0.0|0.0|0.0
-1|-1|0|0|0|1|1|0|-1#0.0|0.0|0.0|0.402941555579|0.0|0.0|0.0|0.0|0.0
0|0|-1|-1|1|-1|0|0|1#0.0|0.0|0.0|0.0|0.0|0.0|0.0|0.377541221188|0.0
-1|-1|1|0|1|1|0|-1|-1#0.0|0.0|0.0|0.0|0.0|0.0|0.377541221188|0.0|0.0
0|-1|-1|1|1|0|0|0|-1#0.0|0.0|0.0|0.0|0.0|0.377541221188|0.0|0.0|0.0
-1|0|-1|1|1|0|1|-1|-1#0.0|0.0|0.0|0.0|0.0|0.377541221188|0.0|0.0|0.0
1|1|0|-1|1|-1|-1|0|-1#0.0|0.0|0.0|0.0|0.0|0.0|0.0|0.377541221188|0.0
0|1|0|-1|1|0|-1|0|-1#0.0|0.0|0.0|0.0|0.0|0.0|0.0|0.377541221188|0.0
-1|0|1|1|1|-1|-1|-1|0#0.0|0.402321866893|0.0|0.0|0.0|0.0|0.0|0.0|0.0
1|0|0|-1|-1|1|0|-1|0#0.0|0.0|0.0|0.0|0.0|0.0|0.369920050694|0.0|0.0
1|-1|0|0|0|-1|-1|1|0#0.0|0.0|0.400739887599|0.0|0.0|0.0|0.0|0.0|0.0
-1|0|0|0|-1|0|1|0|0#0.0|0.0|0.0|0.0|0.0|0.0|0.0|0.0|0.403414262828
1|1|-1|-1|0|0|-1|1|-1#0.0|0.0|0.0|0.0|0.377541221188|0.0|0.0|0.0|0.0
-1|0|-1|1|-1|0|0|0|1#0.0|0.0|0.0|0.0|0.0|0.0|0.0|0.402617324089|0.0
1|-1|-1|0|0|-1|-1|1|1#0.0|0.0|0.0|0.402321866893|0.0|0.0|0.0|0.0|0.0
-1|1|0|1|1|-1|0|-1|-1#0.0|0.0|0.0|0.0|0.0|0.0|0.402321866893|0.0|0.0
-1|0|-1|0|0|1|0|0|0#0.0|0.0|0.0|0.0|0.410583766697|0.0|0.0|0.0|0.0
-1|0|1|0|-1|1|-1|0|0#0.0|0.0|0.0|0.0|0.0|0.0|0.0|0.0|0.377541221188
-1|-1|0|1|0|0|1|-1|0#0.0|0.0|0.0|0.0|0.400817066188|0.0|0.0|0.0|0.0
-1|-1|0|-1|0|0|0|1|1#0.0|0.0|0.0|0.0|0.0|0.41043015207|0.0|0.0|0.0
0|1|-1|-1|-1|1|0|-1|1#0.402321866893|0.0|0.0|0.0|0.0|0.0|0.0|0.0|0.0
0|1|-1|0|-1|1|0|-1|0#0.377119976263|0.0|0.0|0.0|0.0|0.0|0.0|0.0|0.0
-1|0|-1|0|1|1|-1|-1|1#0.0|0.0|0.0|0.377541221188|0.0|0.0|0.0|0.0|0.0
-1|1|-1|0|1|1|0|-1|-1#0.0|0.0|0.0|0.0|0.0|0.0|0.377541221188|0.0|0.0
0|0|0|0|-1|-1|0|0|1#0.0|0.0|0.0|0.409117423683|0.0|0.0|0.0|0.0|0.0
-1|1|-1|-1|1|1|0|-1|0#0.0|0.0|0.0|0.0|0.0|0.0|0.377541221188|0.0|0.0
1|-1|0|0|-1|-1|0|0|1#0.0|0.0|0.0|0.0|0.0|0.0|0.371565768099|0.0|0.0
1|-1|1|1|-1|-1|-1|0|0#0.0|0.0|0.0|0.0|0.0|0.0|0.0|0.377541221188|0.0
0|-1|-1|1|0|1|-1|1|-1#0.402321866893|0.0|0.0|0.0|0.0|0.0|0.0|0.0|0.0
-1|1|-1|-1|1|-1|1|0|0#0.0|0.0|0.0|0.0|0.0|0.0|0.0|0.377541221188|0.0
1|-1|-1|-1|0|-1|1|0|1#0.0|0.0|0.0|0.0|0.0|0.0|0.0|0.377541221188|0.0
-1|0|0|-1|0|-1|1|0|1#0.0|0.0|0.0|0.0|0.0|0.0|0.0|0.377541221188|0.0
-1|1|1|0|0|0|0|-1|-1#0.0|0.0|0.0|0.0|0.0|0.402617324089|0.0|0.0|0.0
1|-1|-1|-1|0|1|1|0|-1#0.0|0.0|0.0|0.0|0.377541221188|0.0|0.0|0.0|0.0
1|0|-1|1|-1|-1|0|-1|1#0.0|0.402321866893|0.0|0.0|0.0|0.0|0.0|0.0|0.0
1|-1|0|-1|-1|0|1|1|-1#0.0|0.0|0.402321866893|0.0|0.0|0.0|0.0|0.0|0.0
-1|-1|0|1|0|1|-1|-1|1#0.0|0.0|0.377541221188|0.0|0.0|0.0|0.0|0.0|0.0
1|0|0|0|-1|-1|0|1|-1#0.0|0.402617324089|0.0|0.0|0.0|0.0|0.0|0.0|0.0
-1|1|-1|-1|-1|0|1|1|0#0.0|0.0|0.0|0.0|0.0|0.402321866893|0.0|0.0|0.0
-1|1|-1|1|0|-1|-1|0|1#0.0|0.0|0.0|0.0|0.377541221188|0.0|0.0|0.0|0.0
-1|0|-1|0|1|1|0|-1|0#0.0|0.377541221188|0.0|0.0|0.0|0.0|0.0|0.0|0.0
0|-1|-1|0|1|0|-1|0|1#0.0|0.0|0.0|0.0|0.0|0.377539993197|0.0|0.0|0.0
0|-1|0|1|0|-1|-1|0|1#0.0|0.0|0.0|0.0|0.401263825394|0.0|0.0|0.0|0.0
-1|1|-1|-1|0|0|1|-1|1#0.0|0.0|0.0|0.0|0.377541221188|0.0|0.0|0.0|0.0
-1|0|0|-1|1|-1|1|-1|1#0.0|0.377541221188|0.0|0.0|0.0|0.0|0.0|0.0|0.0
0|0|1|-1|1|-1|-1|-1|1#0.0|0.402321866893|0.0|0.0|0.0|0.0|0.0|0.0|0.0
-1|0|-1|1|1|0|-1|0|0#0.0|0.0|0.0|0.0|0.0|0.377541221188|0.0|0.0|0.0
1|-1|-1|-1|1|0|0|1|-1#0.0|0.0|0.0|0.0|0.0|0.0|0.402321866893|0.0|0.0
0|-1|-1|-1|1|1|0|0|0#0.0|0.0|0.0|0.0|0.0|0.0|0.0|0.0|0.369845152396
0|-1|-1|1|-1|-1|1|0|1#0.0|0.0|0.0|0.0|0.0|0.0|0.0|0.377541221188|0.0
0|0|-1|0|0|-1|-1|1|1#0.402612794481|0.0|0.0|0.0|0.0|0.0|0.0|0.0|0.0
1|-1|0|1|-1|-1|-1|0|1#0.0|0.0|0.0|0.0|0.0|0.0|0.0|0.402321866893|0.0
1|-1|1|-1|-1|0|-1|1|0#0.0|0.0|0.0|0.0|0.0|0.0|0.0|0.0|0.402321866893
1|0|1|1|-1|-1|-1|-1|0#0.0|0.0|0.0|0.0|0.0|0.0|0.0|0.0|0.402321866893
0|-1|0|-1|1|0|0|1|-1#0.369849214112|0.0|0.0|0.0|0.0|0.0|0.0|0.0|0.0
-1|-1|1|1|0|1|-1|-1|0#0.0|0.0|0.0|0.0|0.377541221188|0.0|0.0|0.0|0.0
1|1|-1|-1|1|-1|-1|0|0#0.0|0.0|0.0|0.0|0.0|0.0|0.0|0.377541221188|0.0
0|1|0|1|0|-1|-1|0|-1#0.402617324089|0.0|0.0|0.0|0.0|0.0|0.0|0.0|0.0
-1|0|-1|0|1|0|-1|0|1#0.0|0.372081124682|0.0|0.0|0.0|0.0|0.0|0.0|0.0
0|0|1|1|-1|-1|-1|1|-1#0.377541221188|0.0|0.0|0.0|0.0|0.0|0.0|0.0|0.0
-1|1|0|-1|-1|0|1|-1|1#0.0|0.0|0.0|0.0|0.0|0.377541221188|0.0|0.0|0.0
0|0|1|0|0|-1|-1|-1|1#0.0|0.0|0.0|0.0|0.372110698531|0.0|0.0|0.0|0.0
0|-1|0|0|1|-1|0|1|-1#0.402513507355|0.0|0.0|0.0|0.0|0.0|0.0|0.0|0.0
1|0|-1|-1|1|0|-1|1|-1#0.0|0.0|0.0|0.0|0.0|0.377541221188|0.0|0.0|0.0
0|0|-1|1|0|0|0|-1|0#0.0|0.0|0.0|0.0|0.0|0.0|0.0|0.0|0.369708621797
-1|0|0|0|0|-1|0|0|1#0.0|0.0|0.0|0.0|0.0|0.0|0.378968312968|0.0|0.0
-1|1|0|-1|1|-1|0|0|0#0.0|0.0|0.0|0.0|0.0|0.0|0.0|0.377541221188|0.0
0|-1|0|-1|0|-1|0|1|1#0.0|0.0|0.0|0.0|0.0|0.0|0.377541221188|0.0|0.0
-1|0|1|1|-1|0|-1|-1|1#0.0|0.0|0.0|0.0|0.0|0.377541221188|0.0|0.0|0.0
0|1|-1|-1|0|1|-1|-1|1#0.402321866893|0.0|0.0|0.0|0.0|0.0|0.0|0.0|0.0
-1|-1|1|0|0|1|-1|0|0#0.0|0.0|0.0|0.0|0.0|0.0|0.0|0.0|0.377541221188
0|0|1|-1|-1|1|1|-1|-1#0.0|0.402321866893|0.0|0.0|0.0|0.0|0.0|0.0|0.0
-1|-1|0|-1|1|1|0|1|-1#0.0|0.0|0.402321866893|0.0|0.0|0.0|0.0|0.0|0.0
1|0|-1|0|-1|-1|1|-1|1#0.0|0.402321866893|0.0|0.0|0.0|0.0|0.0|0.0|0.0
1|0|-1|-1|0|0|1|-1|0#0.0|0.0|0.0|0.0|0.0|0.0|0.0|0.0|0.370351032548
1|-1|-1|-1|-1|0|1|1|0#0.0|0.0|0.0|0.0|0.0|0.0|0.0|0.0|0.377541221188
1|-1|0|-1|0|-1|-1|1|1#0.0|0.0|0.0|0.0|0.377541221188|0.0|0.0|0.0|0.0
0|1|-1|0|-1|-1|1|-1|1#0.0|0.0|0.0|0.377541221188|0.0|0.0|0.0|0.0|0.0
-1|-1|0|0|0|1|-1|0|1#0.0|0.0|0.0|0.402947584684|0.0|0.0|0.0|0.0|0.0
0|1|1|0|0|-1|-1|-1|0#0.0|0.0|0.0|0.0|0.0|0.0|0.0|0.0|0.410084886908
0|0|0|0|-1|0|0|1|-1#0.0|0.0|0.0|0.40298188121|0.0|0.0|0.0|0.0|0.0
-1|0|0|-1|0|1|0|0|0#0.0|0.0|0.0|0.0|0.0|0.0|0.0|0.40298190166|0.0
0|-1|-1|0|-1|1|1|1|-1#0.377541221188|0.0|0.0|0.0|0.0|0.0|0.0|0.0|0.0
1|0|0|-1|-1|1|-1|-1|1#0.0|0.0|0.377541221188|0.0|0.0|0.0|0.0|0.0|0.0
0|-1|0|-1|0|1|1|-1|0#0.0|0.0|0.0|0.0|0.0|0.0|0.0|0.0|0.402616976688
-1|0|0|1|-1|-1|1|0|0#0.0|0.0|0.402617324089|0.0|0.0|0.0|0.0|0.0|0.0
-1|1|0|1|0|-1|-1|-1|1#0.0|0.0|0.0|0.0|0.377541221188|0.0|0.0|0.0|0.0
-1|1|0|0|0|1|0|-1|-1#0.0|0.0|0.0|0.0|0.0|0.0|0.36982094671|0.0|0.0
0|0|1|-1|1|-1|0|0|-1#0.0|0.0|0.0|0.0|0.0|0.0|0.0|0.377541221188|0.0
0|-1|1|-1|-1|0|-1|1|1#0.0|0.0|0.0|0.0|0.0|0.377541221188|0.0|0.0|0.0
0|0|1|-1|0|0|0|-1|0#0.0|0.0|0.0|0.0|0.0|0.377541221188|0.0|0.0|0.0
0|-1|-1|-1|-1|1|1|0|1#0.402321866893|0.0|0.0|0.0|0.0|0.0|0.0|0.0|0.0
-1|1|0|0|-1|0|-1|0|1#0.0|0.0|0.40825443809|0.0|0.0|0.0|0.0|0.0|0.0
-1|0|-1|1|0|-1|1|-1|1#0.0|0.377541221188|0.0|0.0|0.0|0.0|0.0|0.0|0.0
-1|0|1|-1|0|-1|1|1|-1#0.0|0.0|0.0|0.0|0.377541221188|0.0|0.0|0.0|0.0
-1|-1|0|1|0|-1|1|0|0#0.0|0.0|0.379231149788|0.0|0.0|0.0|0.0|0.0|0.0
-1|0|0|-1|-1|0|0|1|1#0.0|0.0|0.0|0.0|0.0|0.377541221031|0.0|0.0|0.0
0|-1|0|1|0|-1|0|-1|1#0.377541169711|0.0|0.0|0.0|0.0|0.0|0.0|0.0|0.0
-1|0|0|0|0|0|1|0|-1#0.0|0.0|0.0|0.0|0.0|0.0|0.0|0.410986741888|0.0
-1|0|1|-1|1|-1|0|-1|1#0.0|0.402321866893|0.0|0.0|0.0|0.0|0.0|0.0|0.0
1|-1|1|-1|-1|0|1|0|-1#0.0|0.0|0.0|0.0|0.0|0.402321866893|0.0|0.0|0.0
-1|1|0|0|-1|1|0|-1|0#0.0|0.0|0.0|0.0|0.0|0.0|0.0|0.0|0.402972775976
1|-1|-1|1|-1|0|0|0|0#0.0|0.0|0.0|0.0|0.0|0.41052435515|0.0|0.0|0.0
0|0|-1|0|0|0|-1|0|1#0.0|0.0|0.0|0.0|0.0|0.0|0.0|0.40298190166|0.0
-1|0|-1|1|0|1|1|-1|-1#0.0|0.402321866893|0.0|0.0|0.0|0.0|0.0|0.0|0.0
-1|0|0|-1|1|-1|0|0|1#0.0|0.0|0.402617324089|0.0|0.0|0.0|0.0|0.0|0.0
-1|0|0|0|-1|1|1|-1|0#0.0|0.37884828468|0.0|0.0|0.0|0.0|0.0|0.0|0.0
0|0|0|-1|0|0|0|1|-1#0.370230288322|0.0|0.0|0.0|0.0|0.0|0.0|0.0|0.0
0|-1|0|0|1|-1|-1|0|1#0.0|0.0|0.0|0.0|0.0|0.0|0.0|0.403042851899|0.0
-1|0|-1|0|0|1|1|0|-1#0.0|0.0|0.0|0.402617324089|0.0|0.0|0.0|0.0|0.0
0|-1|-1|-1|0|1|1|1|-1#0.377541221188|0.0|0.0|0.0|0.0|0.0|0.0|0.0|0.0
1|0|0|1|-1|-1|-1|1|-1#0.0|0.402321866893|0.0|0.0|0.0|0.0|0.0|0.0|0.0
-1|1|-1|1|0|-1|1|-1|0#0.0|0.0|0.0|0.0|0.0|0.0|0.0|0.0|0.377541221188
-1|1|0|0|-1|-1|1|-1|1#0.0|0.0|0.0|0.377541221188|0.0|0.0|0.0|0.0|0.0
-1|0|-1|-1|1|0|0|0|1#0.0|0.0|0.0|0.0|0.0|0.0|0.377613401515|0.0|0.0
-1|0|0|-1|0|1|1|0|-1#0.0|0.0|0.0|0.0|0.379355981881|0.0|0.0|0.0|0.0
1|-1|0|-1|-1|1|0|1|-1#0.0|0.0|0.377541221188|0.0|0.0|0.0|0.0|0.0|0.0
0|1|1|-1|-1|0|-1|-1|1#0.0|0.0|0.0|0.0|0.0|0.377541221188|0.0|0.0|0.0
1|0|0|-1|0|0|0|-1|0#0.0|0.0|0.0|0.0|0.377541221188|0.0|0.0|0.0|0.0
-1|1|0|0|0|0|0|-1|0#0.0|0.0|0.0|0.0|0.0|0.408780126476|0.0|0.0|0.0
0|-1|0|1|0|0|-1|-1|1#0.0|0.0|0.400842639723|0.0|0.0|0.0|0.0|0.0|0.0
-1|-1|1|1|1|0|-1|-1|0#0.0|0.0|0.0|0.0|0.0|0.377541221188|0.0|0.0|0.0
0|0|0|-1|1|-1|-1|0|1#0.0|0.377541221188|0.0|0.0|0.0|0.0|0.0|0.0|0.0
0|0|1|0|-1|1|0|-1|-1#0.0|0.0|0.0|0.402617324089|0.0|0.0|0.0|0.0|0.0
-1|1|0|1|0|-1|1|-1|-1#0.0|0.0|0.402321866893|0.0|0.0|0.0|0.0|0.0|0.0
0|0|1|1|0|-1|-1|-1|0#0.0|0.37210513246|0.0|0.0|0.0|0.0|0.0|0.0|0.0
0|-1|-1|0|1|1|-1|-1|1#0.377541221188|0.0|0.0|0.0|0.0|0.0|0.0|0.0|0.0
-1|1|-1|-1|-1|1|0|1|0#0.0|0.0|0.0|0.0|0.0|0.0|0.402321866893|0.0|0.0
0|-1|0|0|0|0|-1|0|1#0.0|0.0|0.0|0.0|0.410909557885|0.0|0.0|0.0|0.0
1|-1|-1|-1|0|0|-1|1|1#0.0|0.0|0.0|0.0|0.0|0.402321866893|0.0|0.0|0.0
1|-1|1|0|-1|-1|0|1|-1#0.0|0.0|0.0|0.377541221188|0.0|0.0|0.0|0.0|0.0
0|-1|-1|1|1|0|-1|1|-1#0.0|0.0|0.0|0.0|0.0|0.377541221188|0.0|0.0|0.0
1|-1|-1|0|0|-1|0|0|1#0.0|0.0|0.0|0.0|0.377541221188|0.0|0.0|0.0|0.0
0|-1|-1|0|0|0|-1|1|1#0.402617324089|0.0|0.0|0.0|0.0|0.0|0.0|0.0|0.0
0|1|1|-1|-1|1|-1|-1|0#0.0|0.0|0.0|0.0|0.0|0.0|0.0|0.0|0.377541221188
0|0|-1|0|-1|0|1|1|-1#0.0|0.402617324089|0.0|0.0|0.0|0.0|0.0|0.0|0.0
0|-1|0|1|-1|-1|-1|1|1#0.0|0.0|0.377541221188|0.0|0.0|0.0|0.0|0.0|0.0
0|1|-1|1|-1|0|0|0|-1#0.0|0.0|0.0|0.0|0.0|0.0|0.400824391763|0.0|0.0
0|-1|-1|-1|-1|1|0|1|1#0.0|0.0|0.0|0.0|0.0|0.0|0.377541221188|0.0|0.0
-1|0|-1|0|0|0|1|0|0#0.0|0.0|0.0|0.378842685067|0.0|0.0|0.0|0.0|0.0
1|0|0|-1|-1|0|0|-1|1#0.0|0.0|0.0|0.0|0.0|0.401139403731|0.0|0.0|0.0
0|0|-1|1|0|0|0|0|-1#0.0|0.403420230127|0.0|0.0|0.0|0.0|0.0|0.0|0.0
0|0|0|-1|0|1|0|-1|0#0.0|0.0|0.0|0.0|0.379261245838|0.0|0.0|0.0|0.0
1|1|0|0|-1|-1|-1|1|-1#0.0|0.0|0.0|0.402321866893|0.0|0.0|0.0|0.0|0.0
1|-1|0|-1|0|-1|0|0|1#0.0|0.0|0.0|0.0|0.0|0.0|0.408225820444|0.0|0.0
0|-1|0|0|1|0|-1|-1|1#0.0|0.0|0.0|0.377541221188|0.0|0.0|0.0|0.0|0.0
0|-1|1|1|-1|-1|-1|0|1#0.0|0.0|0.0|0.0|0.0|0.0|0.0|0.377541221188|0.0
-1|1|-1|0|1|-1|-1|0|1#0.0|0.0|0.0|0.377541221188|0.0|0.0|0.0|0.0|0.0
0|-1|1|1|1|-1|-1|-1|0#0.0|0.0|0.0|0.0|0.0|0.0|0.0|0.0|0.377541221188
-1|1|1|-1|0|1|0|-1|-1#0.0|0.0|0.0|0.0|0.402321866893|0.0|0.0|0.0|0.0
-1|1|1|0|1|-1|-1|-1|0#0.0|0.0|0.0|0.0|0.0|0.0|0.0|0.0|0.402321866893
1|-1|-1|-1|0|1|-1|0|1#0.0|0.0|0.0|0.0|0.377541221188|0.0|0.0|0.0|0.0
1|0|-1|0|0|-1|-1|0|1#0.0|0.0|0.0|0.0|0.0|0.0|0.0|0.400816735561|0.0
0|0|0|-1|0|0|0|-1|1#0.379377897971|0.0|0.0|0.0|0.0|0.0|0.0|0.0|0.0
0|0|-1|1|-1|-1|1|-1|1#0.0|0.377541221188|0.0|0.0|0.0|0.0|0.0|0.0|0.0
-1|-1|0|0|1|1|-1|-1|1#0.0|0.0|0.377541221188|0.0|0.0|0.0|0.0|0.0|0.0
-1|1|-1|1|1|0|-1|-1|0#0.0|0.0|0.0|0.0|0.0|0.0|0.0|0.0|0.377541221188
-1|1|1|-1|0|-1|0|1|-1#0.0|0.0|0.0|0.0|0.0|0.0|0.402321866893|0.0|0.0
1|0|-1|-1|0|0|1|0|-1#0.0|0.0|0.0|0.0|0.0|0.377541221188|0.0|0.0|0.0
-1|1|1|0|0|-1|0|0|-1#0.0|0.0|0.0|0.402617324089|0.0|0.0|0.0|0.0|0.0
-1|0|-1|-1|1|1|1|0|-1#0.0|0.0|0.0|0.0|0.0|0.0|0.0|0.402321866893|0.0
-1|0|0|-1|-1|1|1|-1|1#0.0|0.0|0.377541221188|0.0|0.0|0.0|0.0|0.0|0.0
-1|-1|1|-1|0|-1|1|1|0#0.0|0.0|0.0|0.0|0.0|0.0|0.0|0.0|0.377541221188
-1|1|0|1|-1|-1|1|-1|0#0.0|0.0|0.0|0.0|0.0|0.0|0.0|0.0|0.377541221188
-1|1|-1|0|1|1|-1|-1|0#0.0|0.0|0.0|0.377541221188|0.0|0.0|0.0|0.0|0.0
0|-1|0|-1|1|0|-1|0|1#0.0|0.0|0.40251359372|0.0|0.0|0.0|0.0|0.0|0.0
-1|0|0|1|1|0|-1|0|-1#0.0|0.0|0.0|0.0|0.0|0.0|0.0|0.377541221188|0.0
-1|0|-1|0|0|-1|1|0|1#0.0|0.0|0.0|0.0|0.379254852396|0.0|0.0|0.0|0.0
1|0|1|0|-1|0|-1|-1|0#0.0|0.0|0.0|0.0|0.0|0.402948662374|0.0|0.0|0.0
0|0|-1|-1|1|1|1|-1|-1#0.0|0.377541221188|0.0|0.0|0.0|0.0|0.0|0.0|0.0
0|0|1|-1|1|0|0|-1|-1#0.372085736957|0.0|0.0|0.0|0.0|0.0|0.0|0.0|0.0
-1|1|0|-1|0|1|1|-1|-1#0.0|0.0|0.402321866893|0.0|0.0|0.0|0.0|0.0|0.0
0|0|-1|1|0|-1|0|0|0#0.0|0.0|0.0|0.0|0.0|0.0|0.0|0.40298190166|0.0
0|0|-1|1|-1|-1|0|0|1#0.0|0.0|0.0|0.0|0.0|0.0|0.377541221188|0.0|0.0
1|0|-1|-1|0|0|0|0|0#0.0|0.0|0.0|0.0|0.0|0.0|0.378837015577|0.0|0.0
0|0|-1|0|1|0|-1|-1|1#0.0|0.0|0.0|0.0|0.0|0.401269108342|0.0|0.0|0.0
-1|0|-1|-1|-1|1|0|1|1#0.0|0.0|0.0|0.0|0.0|0.0|0.377541221188|0.0|0.0
0|1|0|0|-1|0|-1|1|-1#0.0|0.0|0.0|0.0|0.0|0.402617324089|0.0|0.0|0.0
-1|-1|0|0|1|1|1|-1|-1#0.0|0.0|0.377541221188|0.0|0.0|0.0|0.0|0.0|0.0
-1|1|-1|-1|0|-1|1|0|1#0.0|0.0|0.0|0.0|0.377541221188|0.0|0.0|0.0|0.0
0|0|1|0|-1|-1|-1|0|1#0.402617324089|0.0|0.0|0.0|0.0|0.0|0.0|0.0|0.0
0|-1|1|1|-1|-1|-1|1|0#0.0|0.0|0.0|0.0|0.0|0.0|0.0|0.0|0.377541221188
1|-1|-1|-1|0|0|1|-1|1#0.0|0.0|0.0|0.0|0.377541221188|0.0|0.0|0.0|0.0
0|0|0|1|-1|0|-1|-1|1#0.402617324089|0.0|0.0|0.0|0.0|0.0|0.0|0.0|0.0
1|0|0|-1|-1|1|1|-1|-1#0.0|0.0|0.402321866893|0.0|0.0|0.0|0.0|0.0|0.0
-1|-1|1|0|1|0|-1|1|-1#0.0|0.0|0.0|0.377541221188|0.0|0.0|0.0|0.0|0.0
-1|0|-1|1|-1|-1|1|0|1#0.0|0.0|0.0|0.0|0.0|0.0|0.0|0.377541221188|0.0
0|0|0|-1|1|-1|0|-1|1#0.0|0.0|0.0|0.0|0.0|0.0|0.377541221188|0.0|0.0
1|0|-1|-1|1|0|1|-1|-1#0.0|0.402321866893|0.0|0.0|0.0|0.0|0.0|0.0|0.0
-1|1|1|-1|0|-1|1|-1|0#0.0|0.0|0.0|0.0|0.377541221188|0.0|0.0|0.0|0.0
0|0|0|1|-1|-1|-1|0|1#0.0|0.402612812154|0.0|0.0|0.0|0.0|0.0|0.0|0.0
-1|0|1|-1|-1|0|1|-1|1#0.0|0.402321866893|0.0|0.0|0.0|0.0|0.0|0.0|0.0
-1|1|1|0|-1|1|-1|-1|0#0.0|0.0|0.0|0.0|0.0|0.0|0.0|0.0|0.377541221188
0|0|0|1|1|-1|-1|-1|0#0.0|0.377144168546|0.0|0.0|0.0|0.0|0.0|0.0|0.0
1|-1|0|-1|-1|1|-1|0|1#0.0|0.0|0.0|0.0|0.0|0.0|0.0|0.402321866893|0.0
0|-1|-1|-1|1|0|1|1|-1#0.402321866893|0.0|0.0|0.0|0.0|0.0|0.0|0.0|0.0
0|0|-1|-1|0|0|0|0|1#0.0|0.0|0.0|0.0|0.377541513986|0.0|0.0|0.0|0.0
1|0|-1|0|0|0|-1|0|0#0.0|0.0|0.0|0.0|0.0|0.0|0.0|0.0|0.372006554656
-1|-1|0|-1|-1|1|0|1|1#0.0|0.0|0.377541221188|0.0|0.0|0.0|0.0|0.0|0.0
0|1|0|0|0|-1|-1|1|-1#0.0|0.0|0.0|0.371690567328|0.0|0.0|0.0|0.0|0.0
0|0|-1|-1|1|-1|1|-1|1#0.0|0.377541221188|0.0|0.0|0.0|0.0|0.0|0.0|0.0
-1|1|1|1|0|-1|-1|-1|0#0.0|0.0|0.0|0.0|0.402321866893|0.0|0.0|0.0|0.0
-1|1|0|-1|0|0|0|0|0#0.0|0.0|0.0|0.0|0.0|0.0|0.403420230128|0.0|0.0
-1|1|-1|-1|0|-1|1|1|0#0.0|0.0|0.0|0.0|0.377541221188|0.0|0.0|0.0|0.0
0|0|0|0|0|-1|-1|0|1#0.0|0.0|0.371582547182|0.0|0.0|0.0|0.0|0.0|0.0
0|1|0|-1|1|-1|-1|0|0#0.377541221188|0.0|0.0|0.0|0.0|0.0|0.0|0.0|0.0
-1|-1|1|-1|1|1|0|-1|0#0.0|0.0|0.0|0.0|0.0|0.0|0.0|0.0|0.377541221188
-1|0|-1|0|1|1|0|0|-1#0.0|0.0|0.0|0.0|0.0|0.0|0.402617386917|0.0|0.0
0|-1|1|-1|1|-1|-1|0|1#0.377541221188|0.0|0.0|0.0|0.0|0.0|0.0|0.0|0.0
0|1|-1|0|0|1|0|-1|-1#0.0|0.0|0.0|0.0|0.410107782783|0.0|0.0|0.0|0.0
0|0|0|0|0|0|0|0|-1#0.0|0.0|0.0|0.0|0.0|0.0|0.0|0.378969014061|0.0
0|0|0|-1|-1|0|1|-1|1#0.0|0.410005822395|0.0|0.0|0.0|0.0|0.0|0.0|0.0
1|0|1|-1|0|-1|-1|1|-1#0.0|0.0|0.0|0.0|0.377541221188|0.0|0.0|0.0|0.0
-1|1|0|-1|0|0|1|-1|0#0.0|0.0|0.37713757435|0.0|0.0|0.0|0.0|0.0|0.0
0|-1|-1|-1|1|-1|0|1|1#0.377541221188|0.0|0.0|0.0|0.0|0.0|0.0|0.0|0.0
-1|0|-1|-1|1|-1|0|1|1#0.0|0.377541221188|0.0|0.0|0.0|0.0|0.0|0.0|0.0
1|0|0|-1|1|0|-1|-1|0#0.0|0.400740878321|0.0|0.0|0.0|0.0|0.0|0.0|0.0
-1|0|0|1|0|0|1|-1|-1#0.0|0.0|0.0|0.0|0.408737214288|0.0|0.0|0.0|0.0
-1|0|-1|1|-1|1|0|0|0#0.0|0.0|0.0|0.0|0.0|0.0|0.402617324089|0.0|0.0
-1|1|1|-1|-1|1|0|-1|0#0.0|0.0|0.0|0.0|0.0|0.0|0.0|0.0|0.377541221188
1|0|-1|-1|-1|1|1|0|-1#0.0|0.377541221188|0.0|0.0|0.0|0.0|0.0|0.0|0.0
0|0|1|-1|0|-1|0|0|0#0.0|0.0|0.0|0.0|0.0|0.0|0.0|0.0|0.40298190166
-1|0|-1|1|-1|1|0|-1|1#0.0|0.402321866893|0.0|0.0|0.0|0.0|0.0|0.0|0.0
-1|-1|1|0|-1|0|0|0|1#0.0|0.0|0.0|0.0|0.0|0.377541221188|0.0|0.0|0.0
0|0|-1|1|1|-1|-1|0|0#0.0|0.0|0.0|0.0|0.0|0.0|0.0|0.402514977172|0.0
0|0|-1|1|0|0|-1|-1|1#0.410399982519|0.0|0.0|0.0|0.0|0.0|0.0|0.0|0.0
1|-1|-1|0|-1|-1|1|0|1#0.0|0.0|0.0|0.377541221188|0.0|0.0|0.0|0.0|0.0
1|0|-1|-1|0|1|-1|0|0#0.0|0.0|0.0|0.0|0.402971494832|0.0|0.0|0.0|0.0
0|-1|0|-1|1|-1|1|-1|1#0.377541221188|0.0|0.0|0.0|0.0|0.0|0.0|0.0|0.0
0|-1|0|0|1|0|-1|1|-1#0.0|0.0|0.0|0.377541221188|0.0|0.0|0.0|0.0|0.0
0|1|0|-1|0|0|-1|0|0#0.0|0.0|0.0|0.0|0.377541221188|0.0|0.0|0.0|0.0
-1|1|0|0|0|-1|0|0|0#0.0|0.0|0.0|0.0|0.410579313094|0.0|0.0|0.0|0.0
1|0|0|-1|0|-1|0|1|-1#0.0|0.0|0.0|0.0|0.378922856339|0.0|0.0|0.0|0.0
0|-1|0|-1|0|1|0|-1|1#0.0|0.0|0.377541221188|0.0|0.0|0.0|0.0|0.0|0.0
0|0|0|1|0|0|-1|-1|0#0.0|0.0|0.408778646876|0.0|0.0|0.0|0.0|0.0|0.0
1|-1|0|-1|1|-1|0|1|-1#0.0|0.0|0.0|0.0|0.0|0.0|0.402321866893|0.0|0.0
0|1|-1|-1|1|1|-1|-1|0#0.402321866893|0.0|0.0|0.0|0.0|0.0|0.0|0.0|0.0
1|-1|1|0|-1|-1|-1|1|0#0.0|0.0|0.0|0.377541221188|0.0|0.0|0.0|0.0|0.0
1|0|-1|0|0|-1|-1|1|0#0.0|0.402617324089|0.0|0.0|0.0|0.0|0.0|0.0|0.0
-1|0|-1|-1|1|1|0|1|-1#0.0|0.0|0.0|0.0|0.0|0.0|0.402321866893|0.0|0.0
0|0|-1|1|0|0|-1|1|-1#0.0|0.402617324089|0.0|0.0|0.0|0.0|0.0|0.0|0.0
0|-1|1|-1|0|-1|-1|1|1#0.0|0.0|0.0|0.0|0.402321866893|0.0|0.0|0.0|0.0
1|-1|0|1|0|-1|-1|-1|1#0.0|0.0|0.0|0.0|0.377541221188|0.0|0.0|0.0|0.0
0|1|0|-1|-1|0|-1|1|0#0.400824000144|0.0|0.0|0.0|0.0|0.0|0.0|0.0|0.0
0|-1|0|0|0|1|-1|-1|1#0.408668310472|0.0|0.0|0.0|0.0|0.0|0.0|0.0|0.0
-1|1|1|0|1|-1|-1|0|-1#0.0|0.0|0.0|0.0|0.0|0.0|0.0|0.377541221188|0.0
1|-1|0|-1|0|0|-1|0|1#0.0|0.0|0.0|0.0|0.0|0.0|0.0|0.402643707229|0.0
1|-1|-1|-1|-1|0|0|1|1#0.0|0.0|0.0|0.0|0.0|0.0|0.377541221188|0.0|0.0
0|0|0|0|0|1|-1|-1|0#0.0|0.0|0.0|0.402870499736|0.0|0.0|0.0|0.0|0.0
1|0|1|-1|-1|1|-1|-1|0#0.0|0.0|0.0|0.0|0.0|0.0|0.0|0.0|0.377541221188
-1|0|1|-1|0|0|0|1|-1#0.0|0.402617324089|0.0|0.0|0.0|0.0|0.0|0.0|0.0
0|0|1|-1|1|0|-1|0|-1#0.0|0.0|0.0|0.0|0.0|0.0|0.0|0.37723537189|0.0
-1|0|1|-1|-1|0|0|0|1#0.0|0.0|0.0|0.0|0.0|0.377541221188|0.0|0.0|0.0
0|-1|1|-1|1|1|-1|-1|0#0.402321866893|0.0|0.0|0.0|0.0|0.0|0.0|0.0|0.0
-1|1|-1|1|0|1|-1|-1|0#0.0|0.0|0.0|0.0|0.0|0.0|0.0|0.0|0.402321866893
1|1|-1|-1|0|0|-1|-1|1#0.0|0.0|0.0|0.0|0.377541221188|0.0|0.0|0.0|0.0
-1|0|1|0|1|-1|-1|1|-1#0.0|0.377541221188|0.0|0.0|0.0|0.0|0.0|0.0|0.0
1|0|0|0|-1|0|-1|-1|1#0.0|0.0|0.402617324089|0.0|0.0|0.0|0.0|0.0|0.0
-1|-1|0|0|0|-1|1|0|1#0.0|0.0|0.0|0.402617324089|0.0|0.0|0.0|0.0|0.0
1|-1|0|1|-1|-1|0|1|-1#0.0|0.0|0.0|0.0|0.0|0.0|0.377541221188|0.0|0.0
0|1|1|-1|0|-1|-1|-1|1#0.0|0.0|0.0|0.0|0.402321866893|0.0|0.0|0.0|0.0
1|-1|-1|-1|1|-1|1|0|0#0.0|0.0|0.0|0.0|0.0|0.0|0.0|0.402321866893|0.0
1|-1|0|-1|0|-1|0|1|0#0.0|0.0|0.0|0.0|0.402612397364|0.0|0.0|0.0|0.0
-1|-1|0|1|1|-1|-1|0|1#0.0|0.0|0.0|0.0|0.0|0.0|0.0|0.402321866893|0.0
-1|-1|0|0|0|1|1|-1|0#0.0|0.0|0.0|0.403073417996|0.0|0.0|0.0|0.0|0.0
-1|-1|0|0|1|-1|1|1|-1#0.0|0.0|0.377541221188|0.0|0.0|0.0|0.0|0.0|0.0
-1|-1|0|-1|0|1|0|1|0#0.0|0.0|0.0|0.0|0.402617324089|0.0|0.0|0.0|0.0
1|0|0|-1|0|-1|0|-1|1#0.0|0.378842817834|0.0|0.0|0.0|0.0|0.0|0.0|0.0
0|-1|-1|-1|0|0|0|1|1#0.0|0.0|0.0|0.0|0.0|0.403073335077|0.0|0.0|0.0
-1|0|1|1|-1|-1|0|-1|1#0.0|0.0|0.0|0.0|0.0|0.0|0.402321866893|0.0|0.0
0|-1|1|0|1|-1|-1|-1|1#0.0|0.0|0.0|0.377541221188|0.0|0.0|0.0|0.0|0.0
0|-1|-1|-1|0|1|-1|1|1#0.402321866893|0.0|0.0|0.0|0.0|0.0|0.0|0.0|0.0
0|0|-1|-1|1|-1|-1|1|1#0.0|0.377541221188|0.0|0.0|0.0|0.0|0.0|0.0|0.0
-1|0|-1|0|1|0|0|1|-1#0.0|0.0|0.0|0.410499131152|0.0|0.0|0.0|0.0|0.0
-1|0|1|-1|0|-1|0|0|1#0.0|0.0|0.0|0.0|0.402617324089|0.0|0.0|0.0|0.0
-1|1|-1|1|-1|0|1|-1|0#0.0|0.0|0.0|0.0|0.0|0.0|0.0|0.0|0.377541221188
-1|0|0|0|-1|0|0|0|1#0.0|0.0|0.377541509883|0.0|0.0|0.0|0.0|0.0|0.0
1|0|1|-1|0|-1|-1|-1|1#0.0|0.377541221188|0.0|0.0|0.0|0.0|0.0|0.0|0.0
-1|1|0|-1|0|-1|1|0|0#0.0|0.0|0.0|0.0|0.0|0.0|0.0|0.402617324022|0.0
0|-1|0|-1|0|1|-1|0|1#0.0|0.0|0.0|0.0|0.0|0.0|0.0|0.401267847971|0.0
0|1|0|-1|-1|1|-1|1|-1#0.402321866893|0.0|0.0|0.0|0.0|0.0|0.0|0.0|0.0
-1|0|0|-1|-1|0|1|0|1#0.0|0.37925387754|0.0|0.0|0.0|0.0|0.0|0.0|0.0
1|0|-1|-1|1|1|-1|-1|0#0.0|0.0|0.0|0.0|0.0|0.0|0.0|0.0|0.377541221188
-1|0|-1|0|0|0|-1|1|1#0.0|0.0|0.0|0.0|0.402617324089|0.0|0.0|0.0|0.0
-1|-1|0|1|-1|1|-1|1|0#0.0|0.0|0.0|0.0|0.0|0.0|0.0|0.0|0.402321866893
-1|1|-1|-1|0|1|1|0|-1#0.0|0.0|0.0|0.0|0.377541221188|0.0|0.0|0.0|0.0
-1|-1|1|1|0|-1|1|-1|0#0.0|0.0|0.0|0.0|0.0|0.0|0.0|0.0|0.402321866893
-1|0|1|1|-1|-1|-1|0|1#0.0|0.377541221188|0.0|0.0|0.0|0.0|0.0|0.0|0.0
0|0|0|0|-1|1|0|-1|0#0.410481505897|0.0|0.0|0.0|0.0|0.0|0.0|0.0|0.0
-1|0|1|-1|0|1|1|-1|-1#0.0|0.402321866893|0.0|0.0|0.0|0.0|0.0|0.0|0.0
0|0|-1|-1|1|1|-1|-1|1#0.0|0.402321866893|0.0|0.0|0.0|0.0|0.0|0.0|0.0
-1|0|-1|-1|1|1|1|-1|0#0.0|0.377541221188|0.0|0.0|0.0|0.0|0.0|0.0|0.0
0|-1|-1|0|1|1|-1|1|-1#0.377541221188|0.0|0.0|0.0|0.0|0.0|0.0|0.0|0.0
0|0|-1|0|0|0|0|0|0#0.0|0.0|0.0|0.403431792366|0.0|0.0|0.0|0.0|0.0
-1|-1|1|0|0|-1|1|-1|1#0.0|0.0|0.0|0.402321866893|0.0|0.0|0.0|0.0|0.0
0|0|-1|-1|1|0|0|-1|1#0.377541221188|0.0|0.0|0.0|0.0|0.0|0.0|0.0|0.0
1|-1|1|-1|0|-1|0|1|-1#0.0|0.0|0.0|0.0|0.377541221188|0.0|0.0|0.0|0.0
-1|0|-1|0|0|1|1|-1|0#0.0|0.377541221188|0.0|0.0|0.0|0.0|0.0|0.0|0.0
-1|1|0|1|0|0|-1|0|-1#0.0|0.0|0.0|0.0|0.370327864508|0.0|0.0|0.0|0.0
-1|0|0|0|1|0|-1|1|-1#0.0|0.0|0.37713853044|0.0|0.0|0.0|0.0|0.0|0.0
0|-1|-1|0|-1|0|1|0|1#0.0|0.0|0.0|0.0|0.0|0.402617324089|0.0|0.0|0.0
0|0|-1|-1|1|1|0|-1|0#0.0|0.0|0.0|0.0|0.0|0.0|0.0|0.0|0.4026113187
0|0|-1|1|-1|-1|0|1|0#0.402617324089|0.0|0.0|0.0|0.0|0.0|0.0|0.0|0.0
-1|1|1|0|-1|0|-1|-1|1#0.0|0.0|0.0|0.377541221188|0.0|0.0|0.0|0.0|0.0
-1|1|-1|-1|1|0|1|0|-1#0.0|0.0|0.0|0.0|0.0|0.0|0.0|0.377541221188|0.0
-1|-1|1|1|0|1|-1|0|-1#0.0|0.0|0.0|0.0|0.0|0.0|0.0|0.402321866893|0.0
-1|0|-1|-1|1|-1|1|0|1#0.0|0.0|0.0|0.0|0.0|0.0|0.0|0.377541221188|0.0
-1|0|1|-1|1|-1|0|1|-1#0.0|0.0|0.0|0.0|0.0|0.0|0.377541221188|0.0|0.0
-1|0|0|-1|0|0|0|0|1#0.0|0.0|0.0|0.0|0.0|0.0|0.377132753057|0.0|0.0
0|0|1|-1|-1|1|0|-1|0#0.0|0.377541221188|0.0|0.0|0.0|0.0|0.0|0.0|0.0
1|-1|-1|1|0|-1|0|-1|1#0.0|0.0|0.0|0.0|0.0|0.0|0.377541221188|0.0|0.0
0|1|0|0|0|0|-1|-1|0#0.0|0.0|0.379382363982|0.0|0.0|0.0|0.0|0.0|0.0
0|1|1|0|-1|-1|-1|-1|1#0.377541221188|0.0|0.0|0.0|0.0|0.0|0.0|0.0|0.0
-1|-1|0|1|-1|-1|1|0|1#0.0|0.0|0.402321866893|0.0|0.0|0.0|0.0|0.0|0.0
0|-1|1|-1|0|-1|0|0|1#0.402617324089|0.0|0.0|0.0|0.0|0.0|0.0|0.0|0.0
1|-1|1|-1|1|0|0|-1|-1#0.0|0.0|0.0|0.0|0.0|0.402321866893|0.0|0.0|0.0
-1|1|-1|0|-1|-1|1|0|1#0.0|0.0|0.0|0.377541221188|0.0|0.0|0.0|0.0|0.0
1|-1|-1|0|0|1|-1|-1|1#0.0|0.0|0.0|0.0|0.377541221188|0.0|0.0|0.0|0.0
-1|1|-1|1|1|-1|0|-1|0#0.0|0.0|0.0|0.0|0.0|0.0|0.402321866893|0.0|0.0
0|0|0|1|-1|1|-1|-1|0#0.0|0.0|0.0|0.0|0.0|0.0|0.0|0.0|0.402611303362
0|0|0|0|0|0|-1|-1|1#0.0|0.0|0.0|0.0|0.377132757962|0.0|0.0|0.0|0.0
1|0|1|-1|-1|0|-1|-1|1#0.0|0.377541221188|0.0|0.0|0.0|0.0|0.0|0.0|0.0
-1|0|1|1|-1|-1|1|-1|0#0.0|0.0|0.0|0.0|0.0|0.0|0.0|0.0|0.402321866893
-1|-1|1|-1|0|0|0|0|1#0.0|0.0|0.0|0.0|0.0|0.377541221188|0.0|0.0|0.0
-1|1|-1|0|0|1|1|-1|-1#0.0|0.0|0.0|0.0|0.377541221188|0.0|0.0|0.0|0.0
-1|1|0|-1|0|0|1|0|-1#0.0|0.0|0.0|0.0|0.0|0.0|0.0|0.369920435813|0.0
-1|0|0|1|0|1|-1|-1|0#0.0|0.0|0.0|0.0|0.0|0.0|0.0|0.0|0.377541221188
0|1|-1|1|1|-1|-1|-1|0#0.0|0.0|0.0|0.0|0.0|0.0|0.0|0.0|0.377541221188
-1|0|1|0|0|1|-1|-1|0#0.0|0.402612733483|0.0|0.0|0.0|0.0|0.0|0.0|0.0
-1|1|1|-1|0|0|1|-1|-1#0.0|0.0|0.0|0.0|0.377541221188|0.0|0.0|0.0|0.0
1|0|0|0|0|-1|-1|0|0#0.0|0.0|0.0|0.0|0.0|0.0|0.0|0.403008707499|0.0
-1|0|-1|1|-1|1|1|-1|0#0.0|0.402321866893|0.0|0.0|0.0|0.0|0.0|0.0|0.0
-1|-1|1|1|0|-1|0|-1|1#0.0|0.0|0.0|0.0|0.377541221188|0.0|0.0|0.0|0.0
-1|0|1|1|-1|1|-1|-1|0#0.0|0.402321866893|0.0|0.0|0.0|0.0|0.0|0.0|0.0
-1|-1|0|0|-1|1|0|1|0#0.0|0.0|0.0|0.0|0.0|0.0|0.402507300698|0.0|0.0
1|-1|-1|-1|1|1|-1|0|0#0.0|0.0|0.0|0.0|0.0|0.0|0.0|0.0|0.377541221188
-1|-1|1|1|-1|-1|1|0|0#0.0|0.0|0.0|0.0|0.0|0.0|0.0|0.0|0.402321866893
-1|0|-1|1|0|1|-1|1|-1#0.0|0.0|0.0|0.0|0.377541221188|0.0|0.0|0.0|0.0
-1|0|1|0|-1|0|0|-1|1#0.0|0.0|0.0|0.0|0.0|0.377541221188|0.0|0.0|0.0
0|-1|-1|0|0|1|0|-1|1#0.401239899143|0.0|0.0|0.0|0.0|0.0|0.0|0.0|0.0
-1|-1|0|1|0|0|-1|0|1#0.0|0.0|0.377541221188|0.0|0.0|0.0|0.0|0.0|0.0
-1|1|1|0|0|0|-1|0|-1#0.0|0.0|0.0|0.402617324089|0.0|0.0|0.0|0.0|0.0
-1|0|0|1|1|-1|-1|-1|1#0.0|0.0|0.377541221188|0.0|0.0|0.0|0.0|0.0|0.0
1|0|0|0|0|0|-1|0|-1#0.0|0.372006578069|0.0|0.0|0.0|0.0|0.0|0.0|0.0
1|0|0|-1|-1|0|0|1|-1#0.0|0.0|0.402642298972|0.0|0.0|0.0|0.0|0.0|0.0
0|0|0|0|-1|0|-1|0|1#0.0|0.0|0.0|0.401059017135|0.0|0.0|0.0|0.0|0.0
0|-1|1|-1|1|-1|0|1|-1#0.377541221188|0.0|0.0|0.0|0.0|0.0|0.0|0.0|0.0
1|0|-1|-1|0|1|-1|1|-1#0.0|0.402321866893|0.0|0.0|0.0|0.0|0.0|0.0|0.0
-1|0|0|0|0|-1|1|-1|1#0.0|0.0|0.0|0.377636138262|0.0|0.0|0.0|0.0|0.0
-1|0|-1|-1|-1|1|1|0|1#0.0|0.0|0.0|0.0|0.0|0.0|0.0|0.377541221188|0.0
0|0|0|1|1|-1|-1|0|-1#0.402617324089|0.0|0.0|0.0|0.0|0.0|0.0|0.0|0.0
-1|-1|0|0|1|0|1|0|-1#0.0|0.0|0.0|0.402618768501|0.0|0.0|0.0|0.0|0.0
1|1|0|-1|-1|0|-1|1|-1#0.0|0.0|0.377541221188|0.0|0.0|0.0|0.0|0.0|0.0
-1|0|0|1|-1|0|1|-1|0#0.0|0.0|0.402617324089|0.0|0.0|0.0|0.0|0.0|0.0
-1|0|-1|1|0|-1|1|0|0#0.0|0.0|0.0|0.0|0.0|0.0|0.0|0.402617324089|0.0
-1|1|-1|0|-1|0|0|0|1#0.0|0.0|0.0|0.0|0.0|0.400841306407|0.0|0.0|0.0
-1|0|1|0|-1|-1|1|-1|1#0.0|0.402321866893|0.0|0.0|0.0|0.0|0.0|0.0|0.0
-1|0|0|1|-1|1|-1|-1|1#0.0|0.0|0.377541221188|0.0|0.0|0.0|0.0|0.0|0.0
1|-1|-1|1|0|0|-1|-1|1#0.0|0.0|0.0|0.0|0.0|0.402321866893|0.0|0.0|0.0
0|1|0|0|-1|0|-1|0|0#0.0|0.0|0.0|0.0|0.0|0.0|0.0|0.40298190166|0.0
-1|1|-1|0|-1|1|0|0|0#0.0|0.0|0.0|0.0|0.0|0.0|0.0|0.0|0.37714298255
-1|-1|0|-1|1|0|1|-1|1#0.0|0.0|0.0|0.0|0.0|0.402321866893|0.0|0.0|0.0
0|-1|0|-1|1|-1|-1|1|1#0.0|0.0|0.402321866893|0.0|0.0|0.0|0.0|0.0|0.0
-1|1|-1|0|1|-1|0|-1|1#0.0|0.0|0.0|0.377541221188|0.0|0.0|0.0|0.0|0.0
1|0|-1|-1|1|-1|-1|1|0#0.0|0.377541221188|0.0|0.0|0.0|0.0|0.0|0.0|0.0
-1|0|-1|0|1|0|0|-1|1#0.0|0.0|0.0|0.0|0.0|0.402617058527|0.0|0.0|0.0
-1|-1|0|-1|0|1|1|0|0#0.0|0.0|0.0|0.0|0.401262492855|0.0|0.0|0.0|0.0
0|-1|1|-1|0|-1|1|-1|1#0.0|0.0|0.0|0.0|0.377541221188|0.0|0.0|0.0|0.0
-1|1|0|-1|0|1|0|-1|0#0.0|0.0|0.0|0.0|0.0|0.0|0.378848358303|0.0|0.0
-1|1|0|0|-1|1|-1|0|0#0.0|0.0|0.0|0.402617324089|0.0|0.0|0.0|0.0|0.0
0|-1|-1|1|1|0|-1|0|0#0.370358078988|0.0|0.0|0.0|0.0|0.0|0.0|0.0|0.0
0|-1|1|-1|1|0|0|0|-1#0.400818121408|0.0|0.0|0.0|0.0|0.0|0.0|0.0|0.0
0|1|-1|0|0|-1|-1|1|0#0.0|0.0|0.0|0.0|0.377541221188|0.0|0.0|0.0|0.0
0|0|1|-1|-1|0|0|0|0#0.0|0.0|0.0|0.0|0.0|0.0|0.0|0.0|0.403311129268
1|0|-1|-1|-1|0|1|1|-1#0.0|0.0|0.0|0.0|0.0|0.377541221188|0.0|0.0|0.0
1|-1|1|-1|0|0|-1|-1|1#0.0|0.0|0.0|0.0|0.377541221188|0.0|0.0|0.0|0.0
-1|-1|0|0|0|0|1|-1|1#0.0|0.0|0.402513506172|0.0|0.0|0.0|0.0|0.0|0.0
0|-1|0|-1|0|1|0|0|0#0.0|0.0|0.0|0.0|0.0|0.0|0.37928000704|0.0|0.0
0|-1|1|-1|0|1|0|-1|0#0.0|0.0|0.0|0.0|0.0|0.0|0.0|0.0|0.377541221188
-1|-1|1|0|0|1|-1|1|-1#0.0|0.0|0.0|0.402321866893|0.0|0.0|0.0|0.0|0.0
1|-1|0|-1|0|-1|1|-1|1#0.0|0.0|0.402321866893|0.0|0.0|0.0|0.0|0.0|0.0
-1|0|-1|1|0|0|0|-1|1#0.0|0.0|0.0|0.0|0.0|0.0|0.37764110766|0.0|0.0
1|0|-1|0|0|1|-1|-1|0#0.0|0.402617324089|0.0|0.0|0.0|0.0|0.0|0.0|0.0
0|0|0|-1|1|1|0|-1|-1#0.0|0.0|0.0|0.0|0.0|0.0|0.377541221188|0.0|0.0
-1|-1|0|1|0|1|1|-1|-1#0.0|0.0|0.0|0.0|0.377541221188|0.0|0.0|0.0|0.0
0|-1|-1|0|1|0|0|1|-1#0.0|0.0|0.0|0.0|0.0|0.0|0.402617324089|0.0|0.0
-1|-1|0|-1|1|0|1|0|0#0.0|0.0|0.377541221188|0.0|0.0|0.0|0.0|0.0|0.0
-1|-1|1|0|0|1|1|-1|-1#0.0|0.0|0.0|0.402321866893|0.0|0.0|0.0|0.0|0.0
-1|1|-1|1|0|-1|0|-1|1#0.0|0.0|0.0|0.0|0.377541221188|0.0|0.0|0.0|0.0
0|1|-1|1|-1|-1|0|-1|1#0.402321866893|0.0|0.0|0.0|0.0|0.0|0.0|0.0|0.0
1|-1|0|0|0|1|-1|-1|0#0.0|0.0|0.0|0.0|0.0|0.0|0.0|0.0|0.370256059986
1|1|0|0|-1|0|-1|0|-1#0.0|0.0|0.0|0.0|0.0|0.0|0.0|0.403048987825|0.0
-1|1|-1|-1|0|0|1|0|0#0.0|0.0|0.0|0.0|0.377541221188|0.0|0.0|0.0|0.0
-1|0|0|0|-1|1|0|0|0#0.0|0.0|0.0|0.402981548355|0.0|0.0|0.0|0.0|0.0
-1|0|-1|1|0|1|-1|-1|1#0.0|0.0|0.0|0.0|0.377541221188|0.0|0.0|0.0|0.0
-1|0|0|1|1|-1|1|-1|-1#0.0|0.402321866893|0.0|0.0|0.0|0.0|0.0|0.0|0.0
1|1|0|1|-1|-1|-1|0|-1#0.0|0.0|0.0|0.0|0.0|0.0|0.0|0.402321866893|0.0
0|-1|0|0|0|1|0|0|-1#0.0|0.0|0.0|0.0|0.0|0.0|0.378860360732|0.0|0.0
-1|1|-1|0|1|1|-1|0|-1#0.0|0.0|0.0|0.0|0.0|0.0|0.0|0.377541221188|0.0
-1|0|0|-1|0|0|1|-1|1#0.0|0.0|0.0|0.0|0.410430465953|0.0|0.0|0.0|0.0
-1|1|-1|0|0|0|-1|1|0#0.0|0.0|0.0|0.402617324089|0.0|0.0|0.0|0.0|0.0
1|0|0|0|0|-1|-1|1|-1#0.0|0.0|0.377541221188|0.0|0.0|0.0|0.0|0.0|0.0
-1|0|-1|0|-1|1|1|-1|1#0.0|0.377541221188|0.0|0.0|0.0|0.0|0.0|0.0|0.0
0|-1|-1|0|0|1|0|0|0#0.0|0.0|0.0|0.0|0.401057609652|0.0|0.0|0.0|0.0
1|0|0|-1|-1|0|-1|0|1#0.0|0.0|0.0|0.0|0.0|0.371589442374|0.0|0.0|0.0
-1|1|0|0|0|0|-1|-1|1#0.0|0.0|0.0|0.377142596365|0.0|0.0|0.0|0.0|0.0
1|-1|-1|1|0|-1|-1|1|0#0.0|0.0|0.0|0.0|0.402321866893|0.0|0.0|0.0|0.0
-1|-1|1|0|-1|1|-1|1|0#0.0|0.0|0.0|0.0|0.0|0.0|0.0|0.0|0.377541221188
0|0|0|-1|1|1|-1|-1|0#0.0|0.402617324089|0.0|0.0|0.0|0.0|0.0|0.0|0.0
-1|-1|0|1|1|0|-1|-1|1#0.0|0.0|0.0|0.0|0.0|0.377541221188|0.0|0.0|0.0
-1|1|1|-1|-1|0|1|-1|0#0.0|0.0|0.0|0.0|0.0|0.0|0.0|0.0|0.402321866893
0|1|-1|-1|1|0|-1|-1|1#0.377541221188|0.0|0.0|0.0|0.0|0.0|0.0|0.0|0.0
-1|0|-1|0|0|0|0|0|1#0.0|0.0|0.0|0.0|0.371582856958|0.0|0.0|0.0|0.0
-1|-1|0|0|0|0|0|0|1#0.0|0.0|0.0|0.0|0.0|0.0|0.40298190166|0.0|0.0
0|1|1|-1|1|-1|-1|0|-1#0.0|0.0|0.0|0.0|0.0|0.0|0.0|0.377541221188|0.0
0|0|0|0|0|-1|0|0|0#0.0|0.0|0.0|0.0|0.0|0.0|0.0|0.0|0.377201423973
-1|0|-1|-1|0|1|1|1|-1#0.0|0.402321866893|0.0|0.0|0.0|0.0|0.0|0.0|0.0
-1|0|-1|0|1|1|-1|0|0#0.0|0.378842821995|0.0|0.0|0.0|0.0|0.0|0.0|0.0
-1|1|0|0|0|0|-1|1|-1#0.0|0.0|0.0|0.377523353888|0.0|0.0|0.0|0.0|0.0
0|0|0|1|-1|0|-1|1|-1#0.0|0.402617324089|0.0|0.0|0.0|0.0|0.0|0.0|0.0
-1|1|0|1|1|-1|-1|-1|0#0.0|0.0|0.0|0.0|0.0|0.0|0.0|0.0|0.377541221188
0|-1|0|1|-1|0|-1|0|1#0.0|0.0|0.0|0.0|0.0|0.0|0.0|0.371560086831|0.0
0|0|0|0|-1|0|0|0|0#0.0|0.0|0.0|0.0|0.0|0.0|0.0|0.0|0.402032519257
1|-1|1|-1|0|1|-1|-1|0#0.0|0.0|0.0|0.0|0.0|0.0|0.0|0.0|0.377541221188
0|1|0|0|0|0|-1|0|-1#0.0|0.0|0.0|0.402876449801|0.0|0.0|0.0|0.0|0.0
1|-1|0|1|1|-1|-1|0|-1#0.0|0.0|0.0|0.0|0.0|0.0|0.0|0.402321866893|0.0
1|0|1|0|-1|-1|-1|1|-1#0.0|0.0|0.0|0.377541221188|0.0|0.0|0.0|0.0|0.0
0|-1|1|-1|1|0|-1|1|-1#0.377541221188|0.0|0.0|0.0|0.0|0.0|0.0|0.0|0.0
1|-1|0|0|1|-1|-1|1|-1#0.0|0.0|0.377541221188|0.0|0.0|0.0|0.0|0.0|0.0
-1|0|1|1|0|0|-1|-1|0#0.0|0.0|0.0|0.0|0.402514995836|0.0|0.0|0.0|0.0
1|-1|1|0|0|-1|-1|1|-1#0.0|0.0|0.0|0.377541221188|0.0|0.0|0.0|0.0|0.0
-1|1|1|0|0|0|-1|-1|0#0.0|0.0|0.0|0.0|0.0|0.369919025349|0.0|0.0|0.0
0|0|1|-1|-1|0|-1|0|1#0.0|0.408759012598|0.0|0.0|0.0|0.0|0.0|0.0|0.0
-1|0|-1|1|-1|0|1|0|0#0.0|0.378848670756|0.0|0.0|0.0|0.0|0.0|0.0|0.0
0|0|-1|1|0|-1|-1|1|0#0.0|0.402617324089|0.0|0.0|0.0|0.0|0.0|0.0|0.0
1|0|-1|1|0|-1|-1|-1|1#0.0|0.0|0.0|0.0|0.377541221188|0.0|0.0|0.0|0.0
1|-1|1|0|-1|0|-1|1|-1#0.0|0.0|0.0|0.377541221188|0.0|0.0|0.0|0.0|0.0
-1|-1|0|0|0|0|1|0|0#0.0|0.0|0.0|0.0|0.372002567825|0.0|0.0|0.0|0.0
-1|1|-1|0|-1|1|1|-1|0#0.0|0.0|0.0|0.0|0.0|0.0|0.0|0.0|0.377541221188
1|0|-1|-1|-1|0|1|-1|1#0.0|0.0|0.0|0.0|0.0|0.402321866893|0.0|0.0|0.0
0|-1|0|1|-1|1|-1|1|-1#0.0|0.0|0.402321866893|0.0|0.0|0.0|0.0|0.0|0.0
-1|0|0|0|1|-1|0|1|-1#0.0|0.0|0.0|0.410428831398|0.0|0.0|0.0|0.0|0.0
1|-1|0|0|0|-1|0|1|-1#0.0|0.0|0.377541221188|0.0|0.0|0.0|0.0|0.0|0.0
1|1|-1|-1|0|1|-1|-1|0#0.0|0.0|0.0|0.0|0.0|0.0|0.0|0.0|0.402321866893
1|0|0|-1|0|0|-1|-1|1#0.0|0.0|0.377541221188|0.0|0.0|0.0|0.0|0.0|0.0
1|-1|0|-1|1|0|1|-1|-1#0.0|0.0|0.377541221188|0.0|0.0|0.0|0.0|0.0|0.0
-1|0|0|1|0|0|-1|-1|1#0.0|0.377143869173|0.0|0.0|0.0|0.0|0.0|0.0|0.0
1|-1|1|-1|-1|0|0|1|-1#0.0|0.0|0.0|0.0|0.0|0.0|0.402321866893|0.0|0.0
1|-1|0|0|0|-1|0|-1|1#0.0|0.0|0.0|0.371986971057|0.0|0.0|0.0|0.0|0.0
-1|0|-1|-1|1|1|0|0|0#0.0|0.0|0.0|0.0|0.0|0.0|0.0|0.402617324089|0.0
-1|-1|0|1|1|0|-1|1|-1#0.0|0.0|0.0|0.0|0.0|0.377541221188|0.0|0.0|0.0
1|-1|1|-1|1|0|-1|0|-1#0.0|0.0|0.0|0.0|0.0|0.402321866893|0.0|0.0|0.0
1|0|0|0|-1|1|0|-1|-1#0.0|0.0|0.0|0.0|0.0|0.0|0.370254901465|0.0|0.0
0|-1|0|1|1|-1|-1|1|-1#0.0|0.0|0.377541221188|0.0|0.0|0.0|0.0|0.0|0.0
-1|1|-1|1|0|0|0|0|-1#0.0|0.0|0.0|0.0|0.401263494267|0.0|0.0|0.0|0.0
-1|1|-1|1|-1|-1|1|0|0#0.0|0.0|0.0|0.0|0.0|0.0|0.0|0.0|0.377541221188
1|-1|0|-1|0|-1|1|0|0#0.0|0.0|0.0|0.0|0.0|0.0|0.0|0.0|0.371565768348
-1|0|0|0|-1|-1|1|0|1#0.0|0.0|0.0|0.377138599893|0.0|0.0|0.0|0.377541221188|0.0
1|1|0|-1|-1|1|-1|-1|0#0.0|0.0|0.0|0.0|0.0|0.0|0.0|0.0|0.402321866893
1|-1|1|-1|0|1|-1|0|-1#0.0|0.0|0.0|0.0|0.402321866893|0.0|0.0|0.0|0.0
-1|-1|1|1|0|-1|-1|0|1#0.0|0.0|0.0|0.0|0.0|0.0|0.0|0.377541221188|0.0
0|1|1|-1|0|0|-1|-1|0#0.377541221188|0.0|0.0|0.0|0.0|0.0|0.0|0.0|0.0
-1|1|1|-1|0|0|0|0|-1#0.0|0.0|0.0|0.0|0.0|0.0|0.369926079514|0.0|0.0
-1|1|0|0|1|-1|0|0|-1#0.0|0.0|0.0|0.410406972573|0.0|0.0|0.0|0.0|0.0
-1|0|1|-1|1|1|0|-1|-1#0.0|0.0|0.0|0.0|0.0|0.0|0.377541221188|0.0|0.0
1|0|-1|-1|0|-1|-1|1|1#0.0|0.0|0.0|0.0|0.377541221188|0.0|0.0|0.0|0.0
-1|-1|0|-1|1|1|1|-1|0#0.0|0.0|0.377541221188|0.0|0.0|0.0|0.0|0.0|0.0
0|0|0|1|0|-1|-1|0|0#0.0|0.0|0.0|0.0|0.377541221191|0.0|0.0|0.0|0.0
1|-1|-1|-1|0|0|0|1|0#0.0|0.0|0.0|0.0|0.0|0.0|0.0|0.0|0.408765702207
1|0|1|0|-1|0|-1|0|-1#0.0|0.377541221188|0.0|0.0|0.0|0.0|0.0|0.0|0.0
-1|-1|1|-1|0|0|1|-1|1#0.0|0.0|0.0|0.0|0.377541221188|0.0|0.0|0.0|0.0
1|-1|-1|-1|1|0|1|0|-1#0.0|0.0|0.0|0.0|0.0|0.0|0.0|0.402321866893|0.0
-1|0|-1|1|1|0|-1|-1|1#0.0|0.377541221188|0.0|0.0|0.0|0.0|0.0|0.0|0.0
1|0|0|-1|0|-1|0|0|0#0.0|0.0|0.0|0.0|0.0|0.0|0.371581452107|0.0|0.0
-1|0|-1|1|1|-1|-1|0|1#0.0|0.0|0.0|0.0|0.0|0.0|0.0|0.402321866893|0.0
0|-1|0|1|0|1|-1|-1|0#0.410107450735|0.0|0.0|0.0|0.0|0.0|0.0|0.0|0.0
0|0|0|1|0|-1|-1|1|-1#0.0|0.0|0.378940664909|0.0|0.0|0.0|0.0|0.0|0.0
0|0|-1|-1|0|0|-1|1|1#0.40081842701|0.0|0.0|0.0|0.0|0.0|0.0|0.0|0.0
-1|0|-1|-1|1|1|0|-1|1#0.0|0.402321866893|0.0|0.0|0.0|0.0|0.0|0.0|0.0
0|0|1|1|-1|0|-1|0|-1#0.0|0.0|0.0|0.0|0.0|0.0|0.0|0.402617324089|0.0
-1|-1|1|0|-1|1|0|0|0#0.0|0.0|0.0|0.0|0.0|0.0|0.0|0.410505883442|0.0
-1|1|0|1|-1|-1|-1|0|1#0.0|0.0|0.377541221188|0.0|0.0|0.0|0.0|0.0|0.0
0|0|1|1|-1|-1|-1|-1|1#0.402321866893|0.0|0.0|0.0|0.0|0.0|0.0|0.0|0.0
0|-1|0|-1|1|1|0|-1|0#0.0|0.0|0.370333683097|0.0|0.0|0.0|0.0|0.0|0.0
0|0|0|0|-1|0|0|-1|1#0.0|0.0|0.0|0.0|0.0|0.0|0.403007272596|0.0|0.0
-1|1|0|1|-1|0|-1|-1|1#0.0|0.0|0.377541221188|0.0|0.0|0.0|0.0|0.0|0.0
1|0|-1|-1|0|1|-1|-1|1#0.0|0.0|0.0|0.0|0.377541221188|0.0|0.0|0.0|0.0
-1|1|0|-1|0|-1|1|1|-1#0.0|0.0|0.0|0.0|0.377541221188|0.0|0.0|0.0|0.0
0|-1|0|-1|-1|0|1|0|1#0.0|0.0|0.0|0.0|0.0|0.0|0.0|0.377541221188|0.0
0|-1|0|0|0|1|0|-1|0#0.0|0.0|0.0|0.0|0.0|0.0|0.0|0.0|0.411005190229
-1|0|1|0|-1|0|-1|0|1#0.0|0.378848379294|0.0|0.0|0.0|0.0|0.0|0.0|0.0
-1|0|-1|0|1|-1|0|0|1#0.0|0.0|0.0|0.0|0.0|0.0|0.0|0.402636509397|0.0
0|-1|0|0|0|1|1|-1|-1#0.0|0.0|0.402617324089|0.0|0.0|0.0|0.0|0.0|0.0
-1|0|0|-1|1|1|0|-1|0#0.0|0.0|0.37025606301|0.0|0.0|0.0|0.0|0.0|0.0
1|0|-1|-1|0|1|1|-1|-1#0.0|0.0|0.0|0.0|0.377541221188|0.0|0.0|0.0|0.0
-1|1|0|-1|-1|1|1|-1|0#0.0|0.0|0.0|0.0|0.0|0.0|0.0|0.0|0.377541221188
0|-1|1|-1|0|1|1|-1|-1#0.402321866893|0.0|0.0|0.0|0.0|0.0|0.0|0.0|0.0
1|0|0|-1|0|-1|-1|1|0#0.0|0.0|0.0|0.0|0.377541221188|0.0|0.0|0.0|0.0
1|0|0|-1|0|0|0|0|-1#0.0|0.0|0.0|0.0|0.0|0.0|0.0|0.370132656223|0.0
0|-1|1|-1|0|0|0|-1|1#0.0|0.0|0.0|0.0|0.0|0.0|0.377546373604|0.0|0.0
-1|0|0|-1|-1|1|0|1|0#0.0|0.402617324089|0.0|0.0|0.0|0.0|0.0|0.0|0.0
-1|-1|0|1|1|0|1|-1|-1#0.0|0.0|0.0|0.0|0.0|0.377541221188|0.0|0.0|0.0
0|-1|0|0|-1|1|1|0|-1#0.0|0.0|0.0|0.0|0.0|0.0|0.0|0.379259201205|0.0
0|0|-1|1|-1|0|0|0|0#0.402983370171|0.0|0.0|0.0|0.0|0.0|0.0|0.0|0.0
0|0|-1|0|0|-1|0|0|1#0.0|0.0|0.0|0.0|0.379285505732|0.0|0.0|0.0|0.0
1|0|0|-1|0|0|-1|0|0#0.0|0.0|0.0|0.0|0.0|0.369733137423|0.0|0.0|0.0
0|-1|-1|1|1|-1|0|0|0#0.0|0.0|0.0|0.0|0.0|0.0|0.402617324089|0.0|0.0
-1|1|-1|1|-1|0|0|-1|1#0.0|0.0|0.0|0.0|0.0|0.0|0.377541221188|0.0|0.0
1|0|0|1|-1|-1|-1|-1|1#0.0|0.0|0.402321866893|0.0|0.0|0.0|0.0|0.0|0.0
0|-1|-1|0|1|1|0|-1|0#0.0|0.0|0.0|0.377541221188|0.0|0.0|0.0|0.0|0.0
0|1|-1|0|0|0|-1|1|-1#0.0|0.0|0.0|0.0|0.377541221188|0.0|0.0|0.0|0.0
1|0|1|1|-1|-1|-1|0|-1#0.0|0.377541221188|0.0|0.0|0.0|0.0|0.0|0.0|0.0
1|-1|1|0|-1|0|-1|0|0#0.0|0.0|0.0|0.0|0.0|0.0|0.0|0.377539993144|0.0
0|-1|-1|0|0|1|1|0|-1#0.0|0.0|0.0|0.0|0.370255840249|0.0|0.0|0.0|0.0
0|0|-1|0|1|-1|0|-1|1#0.0|0.0|0.0|0.377138890595|0.0|0.0|0.0|0.0|0.0
-1|0|-1|1|0|0|-1|0|1#0.0|0.0|0.0|0.0|0.402617411255|0.0|0.0|0.0|0.0
0|0|-1|-1|-1|0|0|1|1#0.0|0.0|0.0|0.0|0.0|0.0|0.377541221188|0.0|0.0
0|-1|-1|-1|1|1|0|-1|1#0.377541221188|0.0|0.0|0.0|0.0|0.0|0.0|0.0|0.0
0|0|1|-1|0|0|0|0|-1#0.0|0.0|0.0|0.0|0.377614157023|0.0|0.0|0.0|0.0
0|1|1|1|-1|-1|-1|-1|0#0.377541221188|0.0|0.0|0.0|0.0|0.0|0.0|0.0|0.0
-1|1|-1|-1|-1|0|1|0|1#0.0|0.0|0.0|0.0|0.0|0.377541221188|0.0|0.0|0.0
-1|0|0|-1|1|1|1|-1|-1#0.0|0.0|0.377541221188|0.0|0.0|0.0|0.0|0.0|0.0
-1|-1|0|0|1|-1|1|0|0#0.0|0.0|0.0|0.402617324089|0.0|0.0|0.0|0.0|0.0
-1|-1|1|1|-1|-1|0|0|1#0.0|0.0|0.0|0.0|0.0|0.0|0.0|0.377541221188|0.0
1|0|0|-1|0|1|-1|0|-1#0.0|0.402642274649|0.0|0.0|0.0|0.0|0.0|0.0|0.0
-1|1|-1|-1|0|0|0|0|1#0.0|0.0|0.0|0.0|0.0|0.369924709052|0.0|0.0|0.0
-1|-1|1|-1|0|1|1|-1|0#0.0|0.0|0.0|0.0|0.0|0.0|0.0|0.0|0.377541221188
-1|0|0|0|0|0|0|-1|1#0.0|0.0|0.0|0.0|0.0|0.0|0.37926258595|0.0|0.0
0|-1|-1|1|0|0|-1|0|1#0.0|0.0|0.0|0.0|0.0|0.0|0.0|0.402617324089|0.0
0|-1|-1|1|1|0|0|-1|0#0.0|0.0|0.0|0.0|0.0|0.0|0.410107862397|0.0|0.0
1|1|-1|0|0|0|-1|0|-1#0.0|0.0|0.0|0.0|0.402618768551|0.0|0.0|0.0|0.0
-1|1|0|0|0|1|-1|-1|0#0.0|0.0|0.370261113881|0.0|0.0|0.0|0.0|0.0|0.0
-1|-1|0|0|1|0|1|-1|0#0.0|0.0|0.0|0.0|0.0|0.408352738475|0.0|0.0|0.0
-1|0|-1|-1|0|1|1|0|0#0.0|0.377541221188|0.0|0.0|0.0|0.0|0.0|0.0|0.0
-1|0|-1|1|1|0|-1|1|-1#0.0|0.0|0.0|0.0|0.0|0.377541221188|0.0|0.0|0.0
0|-1|1|1|-1|0|-1|0|0#0.0|0.0|0.0|0.0|0.0|0.0|0.0|0.410401378503|0.0
1|-1|1|-1|0|-1|-1|1|0#0.0|0.0|0.0|0.0|0.0|0.0|0.0|0.0|0.402321866893
1|0|-1|1|-1|0|0|-1|0#0.0|0.0|0.0|0.0|0.0|0.0|0.0|0.0|0.402617324089
-1|-1|0|-1|1|-1|1|0|1#0.0|0.0|0.377541221188|0.0|0.0|0.0|0.0|0.0|0.0
0|-1|-1|-1|1|1|-1|1|0#0.0|0.0|0.0|0.0|0.0|0.0|0.0|0.0|0.402321866893
1|-1|0|-1|-1|0|0|1|0#0.0|0.0|0.0|0.0|0.0|0.0|0.400824329862|0.0|0.0
0|1|0|-1|1|0|-1|-1|0#0.0|0.0|0.0|0.0|0.0|0.0|0.0|0.0|0.377541221188
1|1|-1|-1|-1|1|0|-1|0#0.0|0.0|0.0|0.0|0.0|0.0|0.377541221188|0.0|0.0
1|-1|-1|1|0|1|-1|-1|0#0.0|0.0|0.0|0.0|0.377541221188|0.0|0.0|0.0|0.0
-1|-1|1|-1|1|-1|0|0|1#0.0|0.0|0.0|0.0|0.0|0.0|0.0|0.402321866893|0.0
0|-1|0|1|-1|0|0|1|-1#0.377541221188|0.0|0.0|0.0|0.0|0.0|0.0|0.0|0.0
1|-1|1|-1|-1|1|-1|0|0#0.0|0.0|0.0|0.0|0.0|0.0|0.0|0.377541221188|0.0
1|-1|-1|1|-1|1|0|0|-1#0.0|0.0|0.0|0.0|0.0|0.0|0.377541221188|0.0|0.0
-1|0|-1|1|1|-1|1|-1|0#0.0|0.402321866893|0.0|0.0|0.0|0.0|0.0|0.0|0.0
-1|-1|0|-1|-1|1|1|1|0#0.0|0.0|0.0|0.0|0.0|0.0|0.0|0.0|0.377541221188
1|-1|1|-1|1|-1|0|0|-1#0.0|0.0|0.0|0.0|0.0|0.0|0.0|0.377541221188|0.0
0|1|-1|-1|1|1|0|-1|-1#0.402321866893|0.0|0.0|0.0|0.0|0.0|0.0|0.0|0.0
-1|0|-1|0|0|0|1|1|-1#0.0|0.0|0.0|0.0|0.0|0.402617324089|0.0|0.0|0.0
-1|0|1|-1|1|0|0|0|-1#0.0|0.0|0.0|0.0|0.0|0.0|0.0|0.370254904354|0.0
-1|1|0|0|-1|-1|-1|1|1#0.0|0.0|0.0|0.402321866893|0.0|0.0|0.0|0.0|0.0
0|-1|-1|0|0|0|1|1|-1#0.0|0.0|0.0|0.0|0.402617324089|0.0|0.0|0.0|0.0
1|0|0|0|-1|-1|-1|0|1#0.0|0.0|0.0|0.0|0.0|0.0|0.0|0.402617324089|0.0
-1|0|0|0|0|-1|1|0|0#0.0|0.0|0.0|0.408701704615|0.0|0.0|0.0|0.0|0.0
-1|0|0|1|-1|-1|1|-1|1#0.0|0.377541221188|0.0|0.0|0.0|0.0|0.0|0.0|0.0
-1|-1|0|-1|-1|1|1|0|1#0.0|0.0|0.0|0.0|0.0|0.0|0.0|0.377541221188|0.0
0|-1|0|-1|1|-1|0|0|1#0.377541221188|0.0|0.0|0.0|0.0|0.0|0.0|0.0|0.0
-1|0|0|0|0|1|0|0|-1#0.0|0.0|0.0|0.0|0.0|0.0|0.377211556808|0.0|0.0
0|-1|-1|-1|1|1|1|0|-1#0.377541221188|0.0|0.0|0.0|0.0|0.0|0.0|0.0|0.0
-1|1|0|0|-1|0|0|0|0#0.0|0.0|0.0|0.0|0.0|0.40298190166|0.0|0.0|0.0
0|-1|-1|-1|1|0|0|0|1#0.0|0.0|0.0|0.0|0.0|0.370233081652|0.0|0.0|0.0
-1|-1|1|-1|0|1|0|1|-1#0.0|0.0|0.0|0.0|0.402321866893|0.0|0.0|0.0|0.0
1|-1|-1|-1|-1|1|1|0|0#0.0|0.0|0.0|0.0|0.0|0.0|0.0|0.0|0.402321866893
0|-1|-1|-1|-1|1|1|1|0#0.0|0.0|0.0|0.0|0.0|0.0|0.0|0.0|0.377541221188
-1|-1|0|1|0|-1|1|-1|1#0.0|0.0|0.402321866893|0.0|0.0|0.0|0.0|0.0|0.0
-1|1|0|1|-1|-1|0|-1|1#0.0|0.0|0.377541221188|0.0|0.0|0.0|0.0|0.0|0.0
-1|1|-1|-1|1|0|1|-1|0#0.0|0.0|0.0|0.0|0.0|0.0|0.0|0.0|0.377541221188
-1|0|0|-1|0|1|0|1|-1#0.0|0.402617324089|0.0|0.0|0.0|0.0|0.0|0.0|0.0
1|0|-1|-1|0|0|-1|0|1#0.0|0.0|0.0|0.0|0.0|0.0|0.0|0.370327864204|0.0
-1|-1|0|0|-1|0|1|0|1#0.0|0.0|0.0|0.0|0.0|0.378846990475|0.0|0.0|0.0
-1|0|-1|1|-1|0|1|-1|1#0.0|0.0|0.0|0.0|0.0|0.402321866893|0.0|0.0|0.0
0|1|-1|-1|1|-1|-1|0|1#0.377541221188|0.0|0.0|0.0|0.0|0.0|0.0|0.0|0.0
0|1|-1|0|-1|-1|0|0|1#0.0|0.0|0.0|0.0|0.0|0.0|0.378842822006|0.0|0.0
-1|-1|1|1|-1|0|-1|0|1#0.0|0.0|0.0|0.0|0.0|0.0|0.0|0.377541221188|0.0
0|-1|-1|1|1|0|1|-1|-1#0.0|0.0|0.0|0.0|0.0|0.377541221188|0.0|0.0|0.0
0|-1|1|1|0|0|-1|-1|0#0.0|0.0|0.0|0.0|0.0|0.402636410563|0.0|0.0|0.0
1|0|1|-1|-1|0|-1|0|0#0.0|0.0|0.0|0.0|0.0|0.0|0.0|0.0|0.371666669183
-1|1|0|0|1|-1|-1|-1|1#0.0|0.0|0.402321866893|0.0|0.0|0.0|0.0|0.0|0.0
1|0|0|-1|0|0|-1|1|-1#0.0|0.0|0.0|0.0|0.0|0.371684817284|0.0|0.0|0.0
1|0|1|0|-1|-1|-1|0|0#0.0|0.377541221188|0.0|0.0|0.0|0.0|0.0|0.0|0.0
0|0|0|0|0|0|-1|0|0#0.371497053665|0.369593580901|0.0|0.409777804768|0.0|0.0|0.0|0.0|0.403451665528
-1|1|-1|-1|-1|1|0|0|1#0.0|0.0|0.0|0.0|0.0|0.0|0.377541221188|0.0|0.0
1|-1|0|0|-1|0|-1|0|1#0.0|0.0|0.0|0.402617324089|0.0|0.0|0.0|0.0|0.0
-1|-1|1|-1|0|0|0|1|0#0.0|0.0|0.0|0.0|0.0|0.402617324089|0.0|0.0|0.0
0|-1|0|-1|0|0|0|0|1#0.0|0.0|0.0|0.0|0.0|0.0|0.0|0.411006598904|0.0
0|1|-1|-1|-1|0|1|-1|1#0.402321866893|0.0|0.0|0.0|0.0|0.0|0.0|0.0|0.0
0|0|-1|0|-1|0|1|-1|1#0.402617324089|0.0|0.0|0.0|0.0|0.0|0.0|0.0|0.0
-1|0|0|0|0|0|0|1|-1#0.0|0.0|0.0|0.0|0.401606540367|0.0|0.0|0.0|0.0
-1|-1|0|0|0|1|0|0|0#0.0|0.0|0.0|0.0|0.0|0.0|0.0|0.40298190166|0.0
1|-1|-1|-1|0|0|1|1|-1#0.0|0.0|0.0|0.0|0.402321866893|0.0|0.0|0.0|0.0
0|-1|0|0|-1|-1|1|0|1#0.0|0.0|0.410107768138|0.0|0.0|0.0|0.0|0.0|0.0
0|0|1|-1|1|-1|-1|1|-1#0.377541221188|0.0|0.0|0.0|0.0|0.0|0.0|0.0|0.0
0|-1|0|-1|0|1|1|0|-1#0.0|0.0|0.0|0.0|0.377541510686|0.0|0.0|0.0|0.0
-1|0|-1|1|-1|-1|0|1|1#0.0|0.402321866893|0.0|0.0|0.0|0.0|0.0|0.0|0.0
1|0|0|-1|-1|1|-1|0|0#0.0|0.410078909856|0.0|0.0|0.0|0.0|0.0|0.0|0.0
0|-1|-1|1|1|-1|-1|0|1#0.0|0.0|0.0|0.0|0.0|0.0|0.0|0.402321866893|0.0
1|0|1|-1|1|-1|0|-1|-1#0.0|0.0|0.0|0.0|0.0|0.0|0.377541221188|0.0|0.0
0|1|0|1|-1|-1|-1|-1|1#0.402321866893|0.0|0.0|0.0|0.0|0.0|0.0|0.0|0.0
-1|-1|1|-1|1|0|0|1|-1#0.0|0.0|0.0|0.0|0.0|0.0|0.377541221188|0.0|0.0
0|-1|0|0|-1|1|-1|0|1#0.0|0.0|0.377541221188|0.0|0.0|0.0|0.0|0.0|0.0
-1|-1|1|-1|-1|0|0|1|1#0.0|0.0|0.0|0.0|0.0|0.377541221188|0.0|0.0|0.0
-1|-1|0|1|0|1|-1|1|-1#0.0|0.0|0.0|0.0|0.377541221188|0.0|0.0|0.0|0.0
-1|0|0|1|1|-1|-1|0|0#0.0|0.377541221188|0.0|0.0|0.0|0.0|0.0|0.0|0.0
0|0|0|-1|1|0|-1|-1|1#0.0|0.378841608961|0.0|0.0|0.0|0.0|0.0|0.0|0.0
0|-1|-1|0|0|1|-1|0|1#0.408640136795|0.0|0.0|0.0|0.0|0.0|0.0|0.0|0.0
-1|1|0|0|0|-1|-1|1|0#0.0|0.0|0.0|0.0|0.377541221188|0.0|0.0|0.0|0.0
1|1|0|-1|0|0|-1|0|-1#0.0|0.0|0.377541221188|0.0|0.0|0.0|0.0|0.0|0.0
1|-1|-1|1|1|0|-1|-1|0#0.0|0.0|0.0|0.0|0.0|0.0|0.0|0.0|0.377541221188
-1|-1|1|1|0|0|-1|-1|1#0.0|0.0|0.0|0.0|0.377541221188|0.0|0.0|0.0|0.0
-1|-1|0|0|0|1|0|1|-1#0.0|0.0|0.0|0.0|0.0|0.0|0.402617324089|0.0|0.0
0|-1|0|0|0|0|0|0|0#0.0|0.0|0.0|0.0|0.0|0.40923094308|0.0|0.0|0.0
0|0|0|0|1|-1|-1|-1|1#0.0|0.0|0.0|0.377541221188|0.0|0.0|0.0|0.0|0.0
-1|1|-1|0|0|0|0|0|0#0.0|0.0|0.0|0.0|0.0|0.0|0.0|0.0|0.372007976006
-1|1|0|1|0|-1|-1|1|-1#0.0|0.0|0.0|0.0|0.377541221188|0.0|0.0|0.0|0.0
-1|1|0|0|0|0|0|0|-1#0.0|0.0|0.401161745871|0.0|0.0|0.0|0.0|0.0|0.0
0|0|0|1|-1|-1|0|1|-1#0.0|0.402617324089|0.0|0.0|0.0|0.0|0.0|0.0|0.0
-1|-1|0|0|0|1|0|-1|1#0.0|0.0|0.0|0.400721383077|0.0|0.0|0.0|0.0|0.0
-1|0|0|0|0|1|1|-1|-1#0.0|0.402513507355|0.0|0.0|0.377541221188|0.0|0.0|0.0|0.0
0|-1|1|1|0|-1|-1|-1|1#0.0|0.0|0.0|0.0|0.377541221188|0.0|0.0|0.0|0.0
0|0|1|-1|0|0|-1|0|0#0.0|0.369714246225|0.0|0.0|0.0|0.0|0.0|0.0|0.0
0|-1|1|-1|1|1|0|-1|-1#0.402321866893|0.0|0.0|0.0|0.0|0.0|0.0|0.0|0.0
1|-1|-1|1|1|-1|-1|0|0#0.0|0.0|0.0|0.0|0.0|0.0|0.0|0.402321866893|0.0
0|-1|1|1|-1|0|-1|1|-1#0.0|0.0|0.0|0.0|0.0|0.402321866893|0.0|0.0|0.0
0|1|-1|1|0|0|-1|0|-1#0.402617324089|0.0|0.0|0.0|0.0|0.0|0.0|0.0|0.0
-1|1|-1|0|0|0|-1|0|1#0.0|0.0|0.0|0.0|0.0|0.402617324089|0.0|0.0|0.0
1|-1|-1|-1|0|-1|0|1|1#0.0|0.0|0.0|0.0|0.0|0.0|0.377541221188|0.0|0.0
1|-1|1|0|-1|1|-1|0|-1#0.0|0.0|0.0|0.0|0.0|0.0|0.0|0.377541221188|0.0
-1|0|0|1|0|0|-1|1|-1#0.0|0.0|0.0|0.0|0.0|0.371981470418|0.0|0.0|0.0
1|-1|0|-1|0|1|-1|1|-1#0.0|0.0|0.0|0.0|0.377541221188|0.0|0.0|0.0|0.0
0|-1|1|0|-1|1|0|0|-1#0.0|0.0|0.0|0.0|0.0|0.0|0.402617324089|0.0|0.0
-1|1|0|0|1|-1|0|-1|0#0.0|0.0|0.0|0.0|0.0|0.0|0.0|0.0|0.408329169942
0|1|-1|1|-1|0|1|-1|-1#0.377541221188|0.0|0.0|0.0|0.0|0.0|0.0|0.0|0.0
0|1|1|-1|0|-1|-1|0|0#0.0|0.0|0.0|0.0|0.0|0.0|0.0|0.0|0.402617324089
-1|0|1|-1|0|1|0|-1|0#0.0|0.0|0.0|0.0|0.0|0.0|0.377641482297|0.0|0.0
-1|1|0|0|-1|0|-1|1|0#0.0|0.0|0.0|0.0|0.0|0.0|0.0|0.0|0.402617324089
-1|0|1|1|0|-1|-1|-1|1#0.0|0.377541221188|0.0|0.0|0.0|0.0|0.0|0.0|0.0
1|0|0|-1|1|-1|1|-1|-1#0.0|0.0|0.377541221188|0.0|0.0|0.0|0.0|0.0|0.0
0|-1|0|1|1|-1|-1|-1|1#0.0|0.0|0.377541221188|0.0|0.0|0.0|0.0|0.0|0.0
0|0|-1|-1|0|0|1|1|-1#0.402636490684|0.0|0.0|0.0|0.0|0.0|0.0|0.0|0.0
1|-1|0|-1|-1|0|-1|1|1#0.0|0.0|0.0|0.0|0.0|0.402321866893|0.0|0.0|0.0
-1|-1|0|-1|1|1|1|0|-1#0.0|0.0|0.0|0.0|0.0|0.0|0.0|0.402321866893|0.0
-1|-1|0|1|-1|1|-1|0|1#0.0|0.0|0.0|0.0|0.0|0.0|0.0|0.402321866893|0.0
